 --------------------------------------
        8.00308       -0.19933       -0.20888        0.01482       -0.03620       -1.00573        0.00000        0.00000        0.00000        0.00000        0.00000        0.00000
       -0.19933       19.56141        0.21270       -0.01405        1.42697       -0.38007        0.00000        0.00000        0.00000        0.00000        0.00000        0.00000
       -0.20888        0.21270       38.58123        0.98803       -0.33954       -0.04608        0.00000        0.00000        0.00000        0.00000        0.00000        0.00000
        0.01482       -0.01405        0.98803        8.68627        0.25984        0.17540        0.00000        0.00000        0.00000        0.00000        0.00000        0.00000
       -0.03620        1.42697       -0.33954        0.25984       20.65579        0.20914        0.00000        0.00000        0.00000        0.00000        0.00000        0.00000
       -1.00573       -0.38007       -0.04608        0.17540        0.20914       39.93360        0.00000        0.00000        0.00000        0.00000        0.00000        0.00000
        0.00000        0.00000        0.00000        0.00000        0.00000        0.00000       11.46919       -0.27971        1.16413        0.00000        0.00000        0.00000
        0.00000        0.00000        0.00000        0.00000        0.00000        0.00000       -0.27971       24.69439        0.10994        0.00000        0.00000        0.00000
        0.00000        0.00000        0.00000        0.00000        0.00000        0.00000        1.16413        0.10994       42.33474        0.00000        0.00000        0.00000
        0.00000        0.00000        0.00000        0.00000        0.00000        0.00000        0.00000        0.00000        0.00000        5.60932        0.28312       -1.17442
        0.00000        0.00000        0.00000        0.00000        0.00000        0.00000        0.00000        0.00000        0.00000        0.28312       18.95442        0.16729
        0.00000        0.00000        0.00000        0.00000        0.00000        0.00000        0.00000        0.00000        0.00000       -1.17442        0.16729       36.54611
 --------------------------------------
 --------------------------------------
       13.81169        1.02636        0.21286        1.82645        1.94740        0.79494       -0.18360        0.43636        4.53085        1.46298       -0.65816       -1.70172       -2.90620       -0.57001       -0.65301       -1.78906        0.00000        0.00000        0.00000        0.00000        0.00000        0.00000        0.00000        0.00000        0.00000        0.00000        0.00000        0.00000        0.00000        0.00000        0.00000        0.00000
        1.02636       15.52044        0.87357       -0.16066       -0.82823        0.00129        0.08668       -0.30117       -1.39969       -1.18983        1.38924        0.16202        1.18704       -0.22809       -0.04151        0.36324        0.00000        0.00000        0.00000        0.00000        0.00000        0.00000        0.00000        0.00000        0.00000        0.00000        0.00000        0.00000        0.00000        0.00000        0.00000        0.00000
        0.21286        0.87357        7.96823        0.55696        0.32226        0.03468       -0.48320       -0.34044        0.58524        1.37199       -0.49221       -0.57425       -0.25067       -0.10841        0.32595       -0.02048        0.00000        0.00000        0.00000        0.00000        0.00000        0.00000        0.00000        0.00000        0.00000        0.00000        0.00000        0.00000        0.00000        0.00000        0.00000        0.00000
        1.82645       -0.16066        0.55696       20.49833       -0.15991        0.05367       -0.29220       -0.78649       -1.64469       -0.17268        0.57721       -0.24539        0.84748        0.42655        0.03299        0.50692        0.00000        0.00000        0.00000        0.00000        0.00000        0.00000        0.00000        0.00000        0.00000        0.00000        0.00000        0.00000        0.00000        0.00000        0.00000        0.00000
        1.94740       -0.82823        0.32226       -0.15991       11.86030        0.05256        0.05780       -0.55133       -2.80188       -1.19763        0.23334        0.84741        1.26218        0.47763       -0.06977        0.78533        0.00000        0.00000        0.00000        0.00000        0.00000        0.00000        0.00000        0.00000        0.00000        0.00000        0.00000        0.00000        0.00000        0.00000        0.00000        0.00000
        0.79494        0.00129        0.03468        0.05367        0.05256       38.96455       -0.56879       -0.55626       -0.68712        0.18330        0.12816        0.43103        0.57151        0.60535        0.81403        0.51323        0.00000        0.00000        0.00000        0.00000        0.00000        0.00000        0.00000        0.00000        0.00000        0.00000        0.00000        0.00000        0.00000        0.00000        0.00000        0.00000
       -0.18360        0.08668       -0.48320       -0.29220        0.05780       -0.56879       39.62147        0.44630       -0.72779       -0.00495       -0.31221        0.09154       -0.04636        0.80317        0.26154        0.37619        0.00000        0.00000        0.00000        0.00000        0.00000        0.00000        0.00000        0.00000        0.00000        0.00000        0.00000        0.00000        0.00000        0.00000        0.00000        0.00000
        0.43636       -0.30117       -0.34044       -0.78649       -0.55133       -0.55626        0.44630       26.20086       -2.01108       -0.47067        0.08844        0.63424        0.97391        0.48533        0.37725        0.87155        0.00000        0.00000        0.00000        0.00000        0.00000        0.00000        0.00000        0.00000        0.00000        0.00000        0.00000        0.00000        0.00000        0.00000        0.00000        0.00000
        4.53085       -1.39969        0.58524       -1.64469       -2.80188       -0.68712       -0.72779       -2.01108       14.12428       -1.14918       -0.25823        2.08060        2.20829        0.83894       -0.16592        0.38843        0.00000        0.00000        0.00000        0.00000        0.00000        0.00000        0.00000        0.00000        0.00000        0.00000        0.00000        0.00000        0.00000        0.00000        0.00000        0.00000
        1.46298       -1.18983        1.37199       -0.17268       -1.19763        0.18330       -0.00495       -0.47067       -1.14918       16.37883        1.00045        0.18461        0.94710        0.04301       -0.08005        0.29996        0.00000        0.00000        0.00000        0.00000        0.00000        0.00000        0.00000        0.00000        0.00000        0.00000        0.00000        0.00000        0.00000        0.00000        0.00000        0.00000
       -0.65816        1.38924       -0.49221        0.57721        0.23334        0.12816       -0.31221        0.08844       -0.25823        1.00045        8.62701       -0.63465       -0.37462       -0.01818        0.50309        0.36232        0.00000        0.00000        0.00000        0.00000        0.00000        0.00000        0.00000        0.00000        0.00000        0.00000        0.00000        0.00000        0.00000        0.00000        0.00000        0.00000
       -1.70172        0.16202       -0.57425       -0.24539        0.84741        0.43103        0.09154        0.63424        2.08060        0.18461       -0.63465       21.64810       -0.19259        0.03832       -0.31950       -0.81210        0.00000        0.00000        0.00000        0.00000        0.00000        0.00000        0.00000        0.00000        0.00000        0.00000        0.00000        0.00000        0.00000        0.00000        0.00000        0.00000
       -2.90620        1.18704       -0.25067        0.84748        1.26218        0.57151       -0.04636        0.97391        2.20829        0.94710       -0.37462       -0.19259       12.67623        0.05118        0.08033       -0.55497        0.00000        0.00000        0.00000        0.00000        0.00000        0.00000        0.00000        0.00000        0.00000        0.00000        0.00000        0.00000        0.00000        0.00000        0.00000        0.00000
       -0.57001       -0.22809       -0.10841        0.42655        0.47763        0.60535        0.80317        0.48533        0.83894        0.04301       -0.01818        0.03832        0.05118       40.30304       -0.60001       -0.55042        0.00000        0.00000        0.00000        0.00000        0.00000        0.00000        0.00000        0.00000        0.00000        0.00000        0.00000        0.00000        0.00000        0.00000        0.00000        0.00000
       -0.65301       -0.04151        0.32595        0.03299       -0.06977        0.81403        0.26154        0.37725       -0.16592       -0.08005        0.50309       -0.31950        0.08033       -0.60001       41.08981        0.46714        0.00000        0.00000        0.00000        0.00000        0.00000        0.00000        0.00000        0.00000        0.00000        0.00000        0.00000        0.00000        0.00000        0.00000        0.00000        0.00000
       -1.78906        0.36324       -0.02048        0.50692        0.78533        0.51323        0.37619        0.87155        0.38843        0.29996        0.36232       -0.81210       -0.55497       -0.55042        0.46714       27.56184        0.00000        0.00000        0.00000        0.00000        0.00000        0.00000        0.00000        0.00000        0.00000        0.00000        0.00000        0.00000        0.00000        0.00000        0.00000        0.00000
        0.00000        0.00000        0.00000        0.00000        0.00000        0.00000        0.00000        0.00000        0.00000        0.00000        0.00000        0.00000        0.00000        0.00000        0.00000        0.00000       21.70397       -0.30992        0.78736        0.29183       -0.68496       -0.22502        0.83690       -1.49982        0.00000        0.00000        0.00000        0.00000        0.00000        0.00000        0.00000        0.00000
        0.00000        0.00000        0.00000        0.00000        0.00000        0.00000        0.00000        0.00000        0.00000        0.00000        0.00000        0.00000        0.00000        0.00000        0.00000        0.00000       -0.30992       20.26260       -0.40959       -0.03099        0.27411        0.23329       -0.07857        0.11192        0.00000        0.00000        0.00000        0.00000        0.00000        0.00000        0.00000        0.00000
        0.00000        0.00000        0.00000        0.00000        0.00000        0.00000        0.00000        0.00000        0.00000        0.00000        0.00000        0.00000        0.00000        0.00000        0.00000        0.00000        0.78736       -0.40959       11.86559        0.00088        0.12254        0.11841        0.15828       -0.39707        0.00000        0.00000        0.00000        0.00000        0.00000        0.00000        0.00000        0.00000
        0.00000        0.00000        0.00000        0.00000        0.00000        0.00000        0.00000        0.00000        0.00000        0.00000        0.00000        0.00000        0.00000        0.00000        0.00000        0.00000        0.29183       -0.03099        0.00088       23.85102        0.61390       -0.45673        0.24324       -0.24933        0.00000        0.00000        0.00000        0.00000        0.00000        0.00000        0.00000        0.00000
        0.00000        0.00000        0.00000        0.00000        0.00000        0.00000        0.00000        0.00000        0.00000        0.00000        0.00000        0.00000        0.00000        0.00000        0.00000        0.00000       -0.68496        0.27411        0.12254        0.61390       16.42195       -0.54820        0.01047        0.29192        0.00000        0.00000        0.00000        0.00000        0.00000        0.00000        0.00000        0.00000
        0.00000        0.00000        0.00000        0.00000        0.00000        0.00000        0.00000        0.00000        0.00000        0.00000        0.00000        0.00000        0.00000        0.00000        0.00000        0.00000       -0.22502        0.23329        0.11841       -0.45673       -0.54820       43.26299        0.20481        0.08034        0.00000        0.00000        0.00000        0.00000        0.00000        0.00000        0.00000        0.00000
        0.00000        0.00000        0.00000        0.00000        0.00000        0.00000        0.00000        0.00000        0.00000        0.00000        0.00000        0.00000        0.00000        0.00000        0.00000        0.00000        0.83690       -0.07857        0.15828        0.24324        0.01047        0.20481       43.53979       -0.85744        0.00000        0.00000        0.00000        0.00000        0.00000        0.00000        0.00000        0.00000
        0.00000        0.00000        0.00000        0.00000        0.00000        0.00000        0.00000        0.00000        0.00000        0.00000        0.00000        0.00000        0.00000        0.00000        0.00000        0.00000       -1.49982        0.11192       -0.39707       -0.24933        0.29192        0.08034       -0.85744       30.66530        0.00000        0.00000        0.00000        0.00000        0.00000        0.00000        0.00000        0.00000
        0.00000        0.00000        0.00000        0.00000        0.00000        0.00000        0.00000        0.00000        0.00000        0.00000        0.00000        0.00000        0.00000        0.00000        0.00000        0.00000        0.00000        0.00000        0.00000        0.00000        0.00000        0.00000        0.00000        0.00000       15.43885        0.32327       -0.91347        0.35289       -0.73584       -0.24076        0.83565       -1.42756
        0.00000        0.00000        0.00000        0.00000        0.00000        0.00000        0.00000        0.00000        0.00000        0.00000        0.00000        0.00000        0.00000        0.00000        0.00000        0.00000        0.00000        0.00000        0.00000        0.00000        0.00000        0.00000        0.00000        0.00000        0.32327       14.31030       -0.43884       -0.00831       -0.33819       -0.25212        0.05942       -0.10151
        0.00000        0.00000        0.00000        0.00000        0.00000        0.00000        0.00000        0.00000        0.00000        0.00000        0.00000        0.00000        0.00000        0.00000        0.00000        0.00000        0.00000        0.00000        0.00000        0.00000        0.00000        0.00000        0.00000        0.00000       -0.91347       -0.43884        6.02779       -0.04657       -0.15125       -0.10319       -0.15574        0.39497
        0.00000        0.00000        0.00000        0.00000        0.00000        0.00000        0.00000        0.00000        0.00000        0.00000        0.00000        0.00000        0.00000        0.00000        0.00000        0.00000        0.00000        0.00000        0.00000        0.00000        0.00000        0.00000        0.00000        0.00000        0.35289       -0.00831       -0.04657       18.11605        0.72068       -0.48748        0.26716       -0.26222
        0.00000        0.00000        0.00000        0.00000        0.00000        0.00000        0.00000        0.00000        0.00000        0.00000        0.00000        0.00000        0.00000        0.00000        0.00000        0.00000        0.00000        0.00000        0.00000        0.00000        0.00000        0.00000        0.00000        0.00000       -0.73584       -0.33819       -0.15125        0.72068       10.85916       -0.56806        0.00955        0.27784
        0.00000        0.00000        0.00000        0.00000        0.00000        0.00000        0.00000        0.00000        0.00000        0.00000        0.00000        0.00000        0.00000        0.00000        0.00000        0.00000        0.00000        0.00000        0.00000        0.00000        0.00000        0.00000        0.00000        0.00000       -0.24076       -0.25212       -0.10319       -0.48748       -0.56806       37.49966        0.21567        0.07402
        0.00000        0.00000        0.00000        0.00000        0.00000        0.00000        0.00000        0.00000        0.00000        0.00000        0.00000        0.00000        0.00000        0.00000        0.00000        0.00000        0.00000        0.00000        0.00000        0.00000        0.00000        0.00000        0.00000        0.00000        0.83565        0.05942       -0.15574        0.26716        0.00955        0.21567       37.94521       -0.82046
        0.00000        0.00000        0.00000        0.00000        0.00000        0.00000        0.00000        0.00000        0.00000        0.00000        0.00000        0.00000        0.00000        0.00000        0.00000        0.00000        0.00000        0.00000        0.00000        0.00000        0.00000        0.00000        0.00000        0.00000       -1.42756       -0.10151        0.39497       -0.26222        0.27784        0.07402       -0.82046       25.05654
 --------------------------------------
 --------------------------------------
       15.84889        0.84982       -0.48366        0.39917        0.24889       -0.16461       -0.18421       -0.39867        0.64185        0.00720       -0.08684       -0.04917       -0.49450       -0.15168       -0.38862        0.02907        0.00000        0.00000        0.00000        0.00000        0.00000        0.00000        0.00000        0.00000        0.00000        0.00000        0.00000        0.00000        0.00000        0.00000        0.00000        0.00000
        0.84982        9.02189       -0.35437        0.46485       -0.31341       -0.54592       -0.51373       -0.48465        0.01360        0.19322       -0.23266       -0.00903        0.53235       -0.08650       -0.00587       -0.20071        0.00000        0.00000        0.00000        0.00000        0.00000        0.00000        0.00000        0.00000        0.00000        0.00000        0.00000        0.00000        0.00000        0.00000        0.00000        0.00000
       -0.48366       -0.35437       16.14502        0.18348       -0.18435        0.49493        0.29688        0.14598        0.09297        0.22742        0.36207       -0.25144       -0.02816        0.03094       -0.03441       -0.10944        0.00000        0.00000        0.00000        0.00000        0.00000        0.00000        0.00000        0.00000        0.00000        0.00000        0.00000        0.00000        0.00000        0.00000        0.00000        0.00000
        0.39917        0.46485        0.18348       20.03841       -0.05436       -0.30102       -0.24592       -0.29539       -0.03258        0.00199        0.26589        0.31600        0.07008       -0.06100       -0.03459        0.00806        0.00000        0.00000        0.00000        0.00000        0.00000        0.00000        0.00000        0.00000        0.00000        0.00000        0.00000        0.00000        0.00000        0.00000        0.00000        0.00000
        0.24889       -0.31341       -0.18435       -0.05436       12.43470        0.11514       -0.03239        0.19230       -0.49954        0.48062        0.01691        0.06163       -0.14846        0.08806        0.20439       -0.10961        0.00000        0.00000        0.00000        0.00000        0.00000        0.00000        0.00000        0.00000        0.00000        0.00000        0.00000        0.00000        0.00000        0.00000        0.00000        0.00000
       -0.16461       -0.54592        0.49493       -0.30102        0.11514       39.51536        0.30260        0.57996       -0.15539       -0.06499       -0.02257       -0.07250        0.07012       -0.11184        0.08228       -0.00007        0.00000        0.00000        0.00000        0.00000        0.00000        0.00000        0.00000        0.00000        0.00000        0.00000        0.00000        0.00000        0.00000        0.00000        0.00000        0.00000
       -0.18421       -0.51373        0.29688       -0.24592       -0.03239        0.30260       26.36343        0.23009       -0.42387        0.00074        0.03409       -0.02117        0.23153        0.08427        0.24188       -0.03990        0.00000        0.00000        0.00000        0.00000        0.00000        0.00000        0.00000        0.00000        0.00000        0.00000        0.00000        0.00000        0.00000        0.00000        0.00000        0.00000
       -0.39867       -0.48465        0.14598       -0.29539        0.19230        0.57996        0.23009       18.93374        0.02798       -0.20422        0.13249        0.01632       -0.17194        0.01578       -0.03517        0.11145        0.00000        0.00000        0.00000        0.00000        0.00000        0.00000        0.00000        0.00000        0.00000        0.00000        0.00000        0.00000        0.00000        0.00000        0.00000        0.00000
        0.64185        0.01360        0.09297       -0.03258       -0.49954       -0.15539       -0.42387        0.02798       16.42990        0.95602        0.55179        0.45841        0.29183       -0.15807       -0.24940       -0.39769        0.00000        0.00000        0.00000        0.00000        0.00000        0.00000        0.00000        0.00000        0.00000        0.00000        0.00000        0.00000        0.00000        0.00000        0.00000        0.00000
        0.00720        0.19322        0.22742        0.00199        0.48062       -0.06499        0.00074       -0.20422        0.95602        9.48907        0.40967        0.53746       -0.34857       -0.57789       -0.51844       -0.53679        0.00000        0.00000        0.00000        0.00000        0.00000        0.00000        0.00000        0.00000        0.00000        0.00000        0.00000        0.00000        0.00000        0.00000        0.00000        0.00000
       -0.08684       -0.23266        0.36207        0.26589        0.01691       -0.02257        0.03409        0.13249        0.55179        0.40967       17.08446       -0.19299        0.20338       -0.49598       -0.30362       -0.14552        0.00000        0.00000        0.00000        0.00000        0.00000        0.00000        0.00000        0.00000        0.00000        0.00000        0.00000        0.00000        0.00000        0.00000        0.00000        0.00000
       -0.04917       -0.00903       -0.25144        0.31600        0.06163       -0.07250       -0.02117        0.01632        0.45841        0.53746       -0.19299       21.14164       -0.07986       -0.33124       -0.25843       -0.31080        0.00000        0.00000        0.00000        0.00000        0.00000        0.00000        0.00000        0.00000        0.00000        0.00000        0.00000        0.00000        0.00000        0.00000        0.00000        0.00000
       -0.49450        0.53235       -0.02816        0.07008       -0.14846        0.07012        0.23153       -0.17194        0.29183       -0.34857        0.20338       -0.07986       13.34202        0.13491       -0.03636        0.19831        0.00000        0.00000        0.00000        0.00000        0.00000        0.00000        0.00000        0.00000        0.00000        0.00000        0.00000        0.00000        0.00000        0.00000        0.00000        0.00000
       -0.15168       -0.08650        0.03094       -0.06100        0.08806       -0.11184        0.08427        0.01578       -0.15807       -0.57789       -0.49598       -0.33124        0.13491       40.97977        0.31692        0.60658        0.00000        0.00000        0.00000        0.00000        0.00000        0.00000        0.00000        0.00000        0.00000        0.00000        0.00000        0.00000        0.00000        0.00000        0.00000        0.00000
       -0.38862       -0.00587       -0.03441       -0.03459        0.20439        0.08228        0.24188       -0.03517       -0.24940       -0.51844       -0.30362       -0.25843       -0.03636        0.31692       27.70329        0.21364        0.00000        0.00000        0.00000        0.00000        0.00000        0.00000        0.00000        0.00000        0.00000        0.00000        0.00000        0.00000        0.00000        0.00000        0.00000        0.00000
        0.02907       -0.20071       -0.10944        0.00806       -0.10961       -0.00007       -0.03990        0.11145       -0.39769       -0.53679       -0.14552       -0.31080        0.19831        0.60658        0.21364       20.08469        0.00000        0.00000        0.00000        0.00000        0.00000        0.00000        0.00000        0.00000        0.00000        0.00000        0.00000        0.00000        0.00000        0.00000        0.00000        0.00000
        0.00000        0.00000        0.00000        0.00000        0.00000        0.00000        0.00000        0.00000        0.00000        0.00000        0.00000        0.00000        0.00000        0.00000        0.00000        0.00000       20.20824        0.94499       -0.40855        0.37066       -0.19044        0.33767       -0.70666       -0.42302        0.00000        0.00000        0.00000        0.00000        0.00000        0.00000        0.00000        0.00000
        0.00000        0.00000        0.00000        0.00000        0.00000        0.00000        0.00000        0.00000        0.00000        0.00000        0.00000        0.00000        0.00000        0.00000        0.00000        0.00000        0.94499       12.77969       -0.14452        0.48623        0.18948        0.64020       -0.56237       -0.80500        0.00000        0.00000        0.00000        0.00000        0.00000        0.00000        0.00000        0.00000
        0.00000        0.00000        0.00000        0.00000        0.00000        0.00000        0.00000        0.00000        0.00000        0.00000        0.00000        0.00000        0.00000        0.00000        0.00000        0.00000       -0.40855       -0.14452       19.45476       -0.08595       -0.18797       -0.47804        0.26019        0.02439        0.00000        0.00000        0.00000        0.00000        0.00000        0.00000        0.00000        0.00000
        0.00000        0.00000        0.00000        0.00000        0.00000        0.00000        0.00000        0.00000        0.00000        0.00000        0.00000        0.00000        0.00000        0.00000        0.00000        0.00000        0.37066        0.48623       -0.08595       23.95896       -0.02770        0.35701       -0.27962       -0.29328        0.00000        0.00000        0.00000        0.00000        0.00000        0.00000        0.00000        0.00000
        0.00000        0.00000        0.00000        0.00000        0.00000        0.00000        0.00000        0.00000        0.00000        0.00000        0.00000        0.00000        0.00000        0.00000        0.00000        0.00000       -0.19044        0.18948       -0.18797       -0.02770       15.75835       -0.17456        0.15772        0.03691        0.00000        0.00000        0.00000        0.00000        0.00000        0.00000        0.00000        0.00000
        0.00000        0.00000        0.00000        0.00000        0.00000        0.00000        0.00000        0.00000        0.00000        0.00000        0.00000        0.00000        0.00000        0.00000        0.00000        0.00000        0.33767        0.64020       -0.47804        0.35701       -0.17456       43.11407       -0.43746       -0.64015        0.00000        0.00000        0.00000        0.00000        0.00000        0.00000        0.00000        0.00000
        0.00000        0.00000        0.00000        0.00000        0.00000        0.00000        0.00000        0.00000        0.00000        0.00000        0.00000        0.00000        0.00000        0.00000        0.00000        0.00000       -0.70666       -0.56237        0.26019       -0.27962        0.15772       -0.43746       30.20787        0.22975        0.00000        0.00000        0.00000        0.00000        0.00000        0.00000        0.00000        0.00000
        0.00000        0.00000        0.00000        0.00000        0.00000        0.00000        0.00000        0.00000        0.00000        0.00000        0.00000        0.00000        0.00000        0.00000        0.00000        0.00000       -0.42302       -0.80500        0.02439       -0.29328        0.03691       -0.64015        0.22975       22.47427        0.00000        0.00000        0.00000        0.00000        0.00000        0.00000        0.00000        0.00000
        0.00000        0.00000        0.00000        0.00000        0.00000        0.00000        0.00000        0.00000        0.00000        0.00000        0.00000        0.00000        0.00000        0.00000        0.00000        0.00000        0.00000        0.00000        0.00000        0.00000        0.00000        0.00000        0.00000        0.00000       13.84459        0.99886        0.47416        0.41675       -0.20314        0.33145       -0.67209       -0.37502
        0.00000        0.00000        0.00000        0.00000        0.00000        0.00000        0.00000        0.00000        0.00000        0.00000        0.00000        0.00000        0.00000        0.00000        0.00000        0.00000        0.00000        0.00000        0.00000        0.00000        0.00000        0.00000        0.00000        0.00000        0.99886        6.59540        0.19136        0.53258        0.19480        0.65443       -0.52987       -0.75003
        0.00000        0.00000        0.00000        0.00000        0.00000        0.00000        0.00000        0.00000        0.00000        0.00000        0.00000        0.00000        0.00000        0.00000        0.00000        0.00000        0.00000        0.00000        0.00000        0.00000        0.00000        0.00000        0.00000        0.00000        0.47416        0.19136       13.43220        0.10035        0.22557        0.51131       -0.26787       -0.02525
        0.00000        0.00000        0.00000        0.00000        0.00000        0.00000        0.00000        0.00000        0.00000        0.00000        0.00000        0.00000        0.00000        0.00000        0.00000        0.00000        0.00000        0.00000        0.00000        0.00000        0.00000        0.00000        0.00000        0.00000        0.41675        0.53258        0.10035       18.18595       -0.01203        0.39611       -0.28846       -0.29154
        0.00000        0.00000        0.00000        0.00000        0.00000        0.00000        0.00000        0.00000        0.00000        0.00000        0.00000        0.00000        0.00000        0.00000        0.00000        0.00000        0.00000        0.00000        0.00000        0.00000        0.00000        0.00000        0.00000        0.00000       -0.20314        0.19480        0.22557       -0.01203       10.09291       -0.21074        0.17248        0.06335
        0.00000        0.00000        0.00000        0.00000        0.00000        0.00000        0.00000        0.00000        0.00000        0.00000        0.00000        0.00000        0.00000        0.00000        0.00000        0.00000        0.00000        0.00000        0.00000        0.00000        0.00000        0.00000        0.00000        0.00000        0.33145        0.65443        0.51131        0.39611       -0.21074       37.47684       -0.41016       -0.60979
        0.00000        0.00000        0.00000        0.00000        0.00000        0.00000        0.00000        0.00000        0.00000        0.00000        0.00000        0.00000        0.00000        0.00000        0.00000        0.00000        0.00000        0.00000        0.00000        0.00000        0.00000        0.00000        0.00000        0.00000       -0.67209       -0.52987       -0.26787       -0.28846        0.17248       -0.41016       24.65037        0.18522
        0.00000        0.00000        0.00000        0.00000        0.00000        0.00000        0.00000        0.00000        0.00000        0.00000        0.00000        0.00000        0.00000        0.00000        0.00000        0.00000        0.00000        0.00000        0.00000        0.00000        0.00000        0.00000        0.00000        0.00000       -0.37502       -0.75003       -0.02525       -0.29154        0.06335       -0.60979        0.18522       17.07367
 --------------------------------------
 --------------------------------------
       15.86078        0.03407        0.49084       -0.08219       -0.31017       -0.07963        0.23855       -1.01896       -1.17754       -0.11732       -0.05187        0.56619        0.00000        0.00000        0.00000        0.00000        0.00000        0.00000        0.00000        0.00000        0.00000        0.00000        0.00000        0.00000
        0.03407        8.23741       -0.82387        0.22627       -0.03032       -0.10617       -1.01010        0.95155        0.98713        0.51307        0.51082       -0.47476        0.00000        0.00000        0.00000        0.00000        0.00000        0.00000        0.00000        0.00000        0.00000        0.00000        0.00000        0.00000
        0.49084       -0.82387       19.82917        0.36998       -0.10986        0.32210       -1.12675        0.95416        0.58146        0.67503        0.34517       -0.28285        0.00000        0.00000        0.00000        0.00000        0.00000        0.00000        0.00000        0.00000        0.00000        0.00000        0.00000        0.00000
       -0.08219        0.22627        0.36998       42.39652       -0.05756       -0.02690        0.10615       -0.47946       -0.66538       -0.07680       -0.01764        0.23286        0.00000        0.00000        0.00000        0.00000        0.00000        0.00000        0.00000        0.00000        0.00000        0.00000        0.00000        0.00000
       -0.31017       -0.03032       -0.10986       -0.05756       26.50853        0.06458       -0.06887        0.57685        0.44555        0.02996        0.03357       -0.37194        0.00000        0.00000        0.00000        0.00000        0.00000        0.00000        0.00000        0.00000        0.00000        0.00000        0.00000        0.00000
       -0.07963       -0.10617        0.32210       -0.02690        0.06458       18.75253        0.62162       -0.53052       -0.36280       -0.28454       -0.36548        0.25854        0.00000        0.00000        0.00000        0.00000        0.00000        0.00000        0.00000        0.00000        0.00000        0.00000        0.00000        0.00000
        0.23855       -1.01010       -1.12675        0.10615       -0.06887        0.62162       16.43484        0.03239        0.53939        0.03717       -0.38610       -0.08623        0.00000        0.00000        0.00000        0.00000        0.00000        0.00000        0.00000        0.00000        0.00000        0.00000        0.00000        0.00000
       -1.01896        0.95155        0.95416       -0.47946        0.57685       -0.53052        0.03239        8.62334       -0.92505       -0.16846       -0.03272       -0.15813        0.00000        0.00000        0.00000        0.00000        0.00000        0.00000        0.00000        0.00000        0.00000        0.00000        0.00000        0.00000
       -1.17754        0.98713        0.58146       -0.66538        0.44555       -0.36280        0.53939       -0.92505       20.88761       -0.43408       -0.10427        0.33054        0.00000        0.00000        0.00000        0.00000        0.00000        0.00000        0.00000        0.00000        0.00000        0.00000        0.00000        0.00000
       -0.11732        0.51307        0.67503       -0.07680        0.02996       -0.28454        0.03717       -0.16846       -0.43408       43.71718        0.06551        0.03095        0.00000        0.00000        0.00000        0.00000        0.00000        0.00000        0.00000        0.00000        0.00000        0.00000        0.00000        0.00000
       -0.05187        0.51082        0.34517       -0.01764        0.03357       -0.36548       -0.38610       -0.03272       -0.10427        0.06551       27.84535        0.05938        0.00000        0.00000        0.00000        0.00000        0.00000        0.00000        0.00000        0.00000        0.00000        0.00000        0.00000        0.00000
        0.56619       -0.47476       -0.28285        0.23286       -0.37194        0.25854       -0.08623       -0.15813        0.33054        0.03095        0.05938       19.92242        0.00000        0.00000        0.00000        0.00000        0.00000        0.00000        0.00000        0.00000        0.00000        0.00000        0.00000        0.00000
        0.00000        0.00000        0.00000        0.00000        0.00000        0.00000        0.00000        0.00000        0.00000        0.00000        0.00000        0.00000       19.74560       -0.93833       -0.60342       -0.02622       -0.44132        0.51575        0.00000        0.00000        0.00000        0.00000        0.00000        0.00000
        0.00000        0.00000        0.00000        0.00000        0.00000        0.00000        0.00000        0.00000        0.00000        0.00000        0.00000        0.00000       -0.93833       12.66930        0.07594        0.27216        0.51591       -0.70055        0.00000        0.00000        0.00000        0.00000        0.00000        0.00000
        0.00000        0.00000        0.00000        0.00000        0.00000        0.00000        0.00000        0.00000        0.00000        0.00000        0.00000        0.00000       -0.60342        0.07594       23.95292        0.24569        0.27851        0.01811        0.00000        0.00000        0.00000        0.00000        0.00000        0.00000
        0.00000        0.00000        0.00000        0.00000        0.00000        0.00000        0.00000        0.00000        0.00000        0.00000        0.00000        0.00000       -0.02622        0.27216        0.24569       46.14709        0.07202       -0.22056        0.00000        0.00000        0.00000        0.00000        0.00000        0.00000
        0.00000        0.00000        0.00000        0.00000        0.00000        0.00000        0.00000        0.00000        0.00000        0.00000        0.00000        0.00000       -0.44132        0.51591        0.27851        0.07202       30.10116       -0.32202        0.00000        0.00000        0.00000        0.00000        0.00000        0.00000
        0.00000        0.00000        0.00000        0.00000        0.00000        0.00000        0.00000        0.00000        0.00000        0.00000        0.00000        0.00000        0.51575       -0.70055        0.01811       -0.22056       -0.32202       22.42823        0.00000        0.00000        0.00000        0.00000        0.00000        0.00000
        0.00000        0.00000        0.00000        0.00000        0.00000        0.00000        0.00000        0.00000        0.00000        0.00000        0.00000        0.00000        0.00000        0.00000        0.00000        0.00000        0.00000        0.00000       13.34904       -0.99814       -0.65528        0.06981       -0.42423        0.49107
        0.00000        0.00000        0.00000        0.00000        0.00000        0.00000        0.00000        0.00000        0.00000        0.00000        0.00000        0.00000        0.00000        0.00000        0.00000        0.00000        0.00000        0.00000       -0.99814        6.44555        0.06653       -0.37003        0.49266       -0.62704
        0.00000        0.00000        0.00000        0.00000        0.00000        0.00000        0.00000        0.00000        0.00000        0.00000        0.00000        0.00000        0.00000        0.00000        0.00000        0.00000        0.00000        0.00000       -0.65528        0.06653       18.22094       -0.27237        0.27269        0.02289
        0.00000        0.00000        0.00000        0.00000        0.00000        0.00000        0.00000        0.00000        0.00000        0.00000        0.00000        0.00000        0.00000        0.00000        0.00000        0.00000        0.00000        0.00000        0.06981       -0.37003       -0.27237       40.40069       -0.08273        0.23235
        0.00000        0.00000        0.00000        0.00000        0.00000        0.00000        0.00000        0.00000        0.00000        0.00000        0.00000        0.00000        0.00000        0.00000        0.00000        0.00000        0.00000        0.00000       -0.42423        0.49266        0.27269       -0.08273       24.56934       -0.28765
        0.00000        0.00000        0.00000        0.00000        0.00000        0.00000        0.00000        0.00000        0.00000        0.00000        0.00000        0.00000        0.00000        0.00000        0.00000        0.00000        0.00000        0.00000        0.49107       -0.62704        0.02289        0.23235       -0.28765       17.02807
 --------------------------------------
 --------------------------------------
       16.14401       -0.32824       -0.28217       -0.42503        0.19176        0.23440        0.00000        0.00000        0.00000        0.00000        0.00000        0.00000
       -0.32824       42.35373        0.10594       -0.17735        0.08020        0.06875        0.00000        0.00000        0.00000        0.00000        0.00000        0.00000
       -0.28217        0.10594       26.39241        0.26007       -0.09021       -0.15014        0.00000        0.00000        0.00000        0.00000        0.00000        0.00000
       -0.42503       -0.17735        0.26007       16.75794        0.25751       -0.34477        0.00000        0.00000        0.00000        0.00000        0.00000        0.00000
        0.19176        0.08020       -0.09021        0.25751       43.66602       -0.10768        0.00000        0.00000        0.00000        0.00000        0.00000        0.00000
        0.23440        0.06875       -0.15014       -0.34477       -0.10768       27.73139        0.00000        0.00000        0.00000        0.00000        0.00000        0.00000
        0.00000        0.00000        0.00000        0.00000        0.00000        0.00000       19.50052        0.42911       -0.15905        0.00000        0.00000        0.00000
        0.00000        0.00000        0.00000        0.00000        0.00000        0.00000        0.42911       45.99433       -0.17182        0.00000        0.00000        0.00000
        0.00000        0.00000        0.00000        0.00000        0.00000        0.00000       -0.15905       -0.17182       29.83515        0.00000        0.00000        0.00000
        0.00000        0.00000        0.00000        0.00000        0.00000        0.00000        0.00000        0.00000        0.00000       13.07260       -0.42730       -0.12209
        0.00000        0.00000        0.00000        0.00000        0.00000        0.00000        0.00000        0.00000        0.00000       -0.42730       40.18697        0.18108
        0.00000        0.00000        0.00000        0.00000        0.00000        0.00000        0.00000        0.00000        0.00000       -0.12209        0.18108       24.30889
 --------------------------------------
 --------------------------------------
       32.14373        0.87130       -0.20778        2.70218       -0.19995       -0.81242        0.00000        0.00000        0.00000        0.00000        0.00000        0.00000
        0.87130       14.56065       -0.18792        0.13907        0.19706       -1.09856        0.00000        0.00000        0.00000        0.00000        0.00000        0.00000
       -0.20778       -0.18792       21.96666        0.72654       -1.10265       -0.65903        0.00000        0.00000        0.00000        0.00000        0.00000        0.00000
        2.70218        0.13907        0.72654       33.00477       -0.93429        0.26188        0.00000        0.00000        0.00000        0.00000        0.00000        0.00000
       -0.19995        0.19706       -1.10265       -0.93429       15.59070       -0.21587        0.00000        0.00000        0.00000        0.00000        0.00000        0.00000
       -0.81242       -1.09856       -0.65903        0.26188       -0.21587       23.25707        0.00000        0.00000        0.00000        0.00000        0.00000        0.00000
        0.00000        0.00000        0.00000        0.00000        0.00000        0.00000       38.37484       -1.02758       -0.49881        0.00000        0.00000        0.00000
        0.00000        0.00000        0.00000        0.00000        0.00000        0.00000       -1.02758       17.70320        0.86780        0.00000        0.00000        0.00000
        0.00000        0.00000        0.00000        0.00000        0.00000        0.00000       -0.49881        0.86780       26.07750        0.00000        0.00000        0.00000
        0.00000        0.00000        0.00000        0.00000        0.00000        0.00000        0.00000        0.00000        0.00000       32.38518        1.08028        0.53856
        0.00000        0.00000        0.00000        0.00000        0.00000        0.00000        0.00000        0.00000        0.00000        1.08028       12.23094        0.88902
        0.00000        0.00000        0.00000        0.00000        0.00000        0.00000        0.00000        0.00000        0.00000        0.53856        0.88902       20.61344
 --------------------------------------
 --------------------------------------
       33.58817        0.49813       -0.82741       -0.06811        0.14678        0.50384       -0.14829        0.15742        0.13951       -0.06139       -0.16712       -0.22581        0.00000        0.00000        0.00000        0.00000        0.00000        0.00000        0.00000        0.00000        0.00000        0.00000        0.00000        0.00000
        0.49813       37.17940       -0.14705       -0.06349        0.04910        0.27050       -0.19190       -0.21191       -0.02084        0.24221       -0.03411        0.24903        0.00000        0.00000        0.00000        0.00000        0.00000        0.00000        0.00000        0.00000        0.00000        0.00000        0.00000        0.00000
       -0.82741       -0.14705       21.98153        0.05887       -0.32570       -0.25538       -0.16549        0.04186       -0.27796       -0.31794       -0.01150       -0.06154        0.00000        0.00000        0.00000        0.00000        0.00000        0.00000        0.00000        0.00000        0.00000        0.00000        0.00000        0.00000
       -0.06811       -0.06349        0.05887       13.97915       -0.23566       -0.04532        0.12055        0.27608       -0.29279       -0.07648       -0.22080        0.11838        0.00000        0.00000        0.00000        0.00000        0.00000        0.00000        0.00000        0.00000        0.00000        0.00000        0.00000        0.00000
        0.14678        0.04910       -0.32570       -0.23566       22.33435        0.15656        0.16695       -0.06896       -0.02217       -0.18987       -0.21574        0.04362        0.00000        0.00000        0.00000        0.00000        0.00000        0.00000        0.00000        0.00000        0.00000        0.00000        0.00000        0.00000
        0.50384        0.27050       -0.25538       -0.04532        0.15656       14.59376        0.25573        0.29467       -0.03125        0.14651        0.02513       -0.16384        0.00000        0.00000        0.00000        0.00000        0.00000        0.00000        0.00000        0.00000        0.00000        0.00000        0.00000        0.00000
       -0.14829       -0.19190       -0.16549        0.12055        0.16695        0.25573       34.67756       -0.55767        0.92884        0.09868       -0.18232       -0.58328        0.00000        0.00000        0.00000        0.00000        0.00000        0.00000        0.00000        0.00000        0.00000        0.00000        0.00000        0.00000
        0.15742       -0.21191        0.04186        0.27608       -0.06896        0.29467       -0.55767       38.38545       -0.15531       -0.11029        0.06757        0.29021        0.00000        0.00000        0.00000        0.00000        0.00000        0.00000        0.00000        0.00000        0.00000        0.00000        0.00000        0.00000
        0.13951       -0.02084       -0.27796       -0.29279       -0.02217       -0.03125        0.92884       -0.15531       23.21827        0.06370       -0.34975       -0.27956        0.00000        0.00000        0.00000        0.00000        0.00000        0.00000        0.00000        0.00000        0.00000        0.00000        0.00000        0.00000
       -0.06139        0.24221       -0.31794       -0.07648       -0.18987        0.14651        0.09868       -0.11029        0.06370       15.02670       -0.26397       -0.04629        0.00000        0.00000        0.00000        0.00000        0.00000        0.00000        0.00000        0.00000        0.00000        0.00000        0.00000        0.00000
       -0.16712       -0.03411       -0.01150       -0.22080       -0.21574        0.02513       -0.18232        0.06757       -0.34975       -0.26397       23.68894        0.17585        0.00000        0.00000        0.00000        0.00000        0.00000        0.00000        0.00000        0.00000        0.00000        0.00000        0.00000        0.00000
       -0.22581        0.24903       -0.06154        0.11838        0.04362       -0.16384       -0.58328        0.29021       -0.27956       -0.04629        0.17585       15.76959        0.00000        0.00000        0.00000        0.00000        0.00000        0.00000        0.00000        0.00000        0.00000        0.00000        0.00000        0.00000
        0.00000        0.00000        0.00000        0.00000        0.00000        0.00000        0.00000        0.00000        0.00000        0.00000        0.00000        0.00000       37.27935        0.28479        1.04311        0.01465       -0.36416       -0.79568        0.00000        0.00000        0.00000        0.00000        0.00000        0.00000
        0.00000        0.00000        0.00000        0.00000        0.00000        0.00000        0.00000        0.00000        0.00000        0.00000        0.00000        0.00000        0.28479       41.15227        0.15668        0.31443       -0.08435        0.00059        0.00000        0.00000        0.00000        0.00000        0.00000        0.00000
        0.00000        0.00000        0.00000        0.00000        0.00000        0.00000        0.00000        0.00000        0.00000        0.00000        0.00000        0.00000        1.04311        0.15668       25.89575        0.36370       -0.34253       -0.28343        0.00000        0.00000        0.00000        0.00000        0.00000        0.00000
        0.00000        0.00000        0.00000        0.00000        0.00000        0.00000        0.00000        0.00000        0.00000        0.00000        0.00000        0.00000        0.01465        0.31443        0.36370       17.47702       -0.05337       -0.18847        0.00000        0.00000        0.00000        0.00000        0.00000        0.00000
        0.00000        0.00000        0.00000        0.00000        0.00000        0.00000        0.00000        0.00000        0.00000        0.00000        0.00000        0.00000       -0.36416       -0.08435       -0.34253       -0.05337       26.10854        0.15910        0.00000        0.00000        0.00000        0.00000        0.00000        0.00000
        0.00000        0.00000        0.00000        0.00000        0.00000        0.00000        0.00000        0.00000        0.00000        0.00000        0.00000        0.00000       -0.79568        0.00059       -0.28343       -0.18847        0.15910       18.17246        0.00000        0.00000        0.00000        0.00000        0.00000        0.00000
        0.00000        0.00000        0.00000        0.00000        0.00000        0.00000        0.00000        0.00000        0.00000        0.00000        0.00000        0.00000        0.00000        0.00000        0.00000        0.00000        0.00000        0.00000       31.14646       -0.34744       -1.07241       -0.01951        0.37195        0.81976
        0.00000        0.00000        0.00000        0.00000        0.00000        0.00000        0.00000        0.00000        0.00000        0.00000        0.00000        0.00000        0.00000        0.00000        0.00000        0.00000        0.00000        0.00000       -0.34744       35.23786        0.14304        0.36622       -0.11311       -0.00004
        0.00000        0.00000        0.00000        0.00000        0.00000        0.00000        0.00000        0.00000        0.00000        0.00000        0.00000        0.00000        0.00000        0.00000        0.00000        0.00000        0.00000        0.00000       -1.07241        0.14304       20.21510        0.35190       -0.33358       -0.25240
        0.00000        0.00000        0.00000        0.00000        0.00000        0.00000        0.00000        0.00000        0.00000        0.00000        0.00000        0.00000        0.00000        0.00000        0.00000        0.00000        0.00000        0.00000       -0.01951        0.36622        0.35190       12.01263       -0.06033       -0.17840
        0.00000        0.00000        0.00000        0.00000        0.00000        0.00000        0.00000        0.00000        0.00000        0.00000        0.00000        0.00000        0.00000        0.00000        0.00000        0.00000        0.00000        0.00000        0.37195       -0.11311       -0.33358       -0.06033       20.62140        0.14043
        0.00000        0.00000        0.00000        0.00000        0.00000        0.00000        0.00000        0.00000        0.00000        0.00000        0.00000        0.00000        0.00000        0.00000        0.00000        0.00000        0.00000        0.00000        0.81976       -0.00004       -0.25240       -0.17840        0.14043       12.81757
 --------------------------------------
 --------------------------------------
       33.24628        1.00734       -0.20578        0.04510        0.18701       -0.79699       -0.37509       -1.08276        1.66485       -0.23566       -0.10806        0.49537       -0.66366        0.56344        0.00000        0.00000        0.00000        0.00000        0.00000        0.00000        0.00000        0.00000        0.00000        0.00000        0.00000        0.00000        0.00000        0.00000
        1.00734       37.14989        0.11355       -0.07881       -0.07000       -0.60333       -0.46614        1.59709       -0.29618        0.40098        0.10235        0.09576        0.90600       -0.65987        0.00000        0.00000        0.00000        0.00000        0.00000        0.00000        0.00000        0.00000        0.00000        0.00000        0.00000        0.00000        0.00000        0.00000
       -0.20578        0.11355       21.90918       -0.11518        0.35623       -0.03714        0.16194       -0.30187        0.44523       -0.22425       -0.41183        0.46139        0.14574        0.29129        0.00000        0.00000        0.00000        0.00000        0.00000        0.00000        0.00000        0.00000        0.00000        0.00000        0.00000        0.00000        0.00000        0.00000
        0.04510       -0.07881       -0.11518       22.39358        0.16565       -0.01507        0.12036       -0.12980        0.14688       -0.41158       -0.03929        0.39958       -0.01512        0.06667        0.00000        0.00000        0.00000        0.00000        0.00000        0.00000        0.00000        0.00000        0.00000        0.00000        0.00000        0.00000        0.00000        0.00000
        0.18701       -0.07000        0.35623        0.16565       14.55278       -0.12197       -0.46783        0.52494        0.08679        0.45716        0.38894       -0.19459        0.15372       -0.33839        0.00000        0.00000        0.00000        0.00000        0.00000        0.00000        0.00000        0.00000        0.00000        0.00000        0.00000        0.00000        0.00000        0.00000
       -0.79699       -0.60333       -0.03714       -0.01507       -0.12197       25.15562        0.27400        0.59069       -0.87321       -0.18568       -0.00962       -0.09419        0.44413       -0.23125        0.00000        0.00000        0.00000        0.00000        0.00000        0.00000        0.00000        0.00000        0.00000        0.00000        0.00000        0.00000        0.00000        0.00000
       -0.37509       -0.46614        0.16194        0.12036       -0.46783        0.27400       43.82559        0.61524       -0.79624        0.27505        0.06129       -0.34871        0.30481       -0.24294        0.00000        0.00000        0.00000        0.00000        0.00000        0.00000        0.00000        0.00000        0.00000        0.00000        0.00000        0.00000        0.00000        0.00000
       -1.08276        1.59709       -0.30187       -0.12980        0.52494        0.59069        0.61524       33.96468        1.14032       -0.20284        0.04468        0.23170        0.91703       -0.46434        0.00000        0.00000        0.00000        0.00000        0.00000        0.00000        0.00000        0.00000        0.00000        0.00000        0.00000        0.00000        0.00000        0.00000
        1.66485       -0.29618        0.44523        0.14688        0.08679       -0.87321       -0.79624        1.14032       38.32427        0.15606       -0.08163       -0.06593        0.71504       -0.48328        0.00000        0.00000        0.00000        0.00000        0.00000        0.00000        0.00000        0.00000        0.00000        0.00000        0.00000        0.00000        0.00000        0.00000
       -0.23566        0.40098       -0.22425       -0.41158        0.45716       -0.18568        0.27505       -0.20284        0.15606       23.14732       -0.11371        0.37466        0.03870        0.15442        0.00000        0.00000        0.00000        0.00000        0.00000        0.00000        0.00000        0.00000        0.00000        0.00000        0.00000        0.00000        0.00000        0.00000
       -0.10806        0.10235       -0.41183       -0.03929        0.38894       -0.00962        0.06129        0.04468       -0.08163       -0.11371       23.75046        0.17245        0.01179        0.10606        0.00000        0.00000        0.00000        0.00000        0.00000        0.00000        0.00000        0.00000        0.00000        0.00000        0.00000        0.00000        0.00000        0.00000
        0.49537        0.09576        0.46139        0.39958       -0.19459       -0.09419       -0.34871        0.23170       -0.06593        0.37466        0.17245       15.71515        0.16799       -0.45473        0.00000        0.00000        0.00000        0.00000        0.00000        0.00000        0.00000        0.00000        0.00000        0.00000        0.00000        0.00000        0.00000        0.00000
       -0.66366        0.90600        0.14574       -0.01512        0.15372        0.44413        0.30481        0.91703        0.71504        0.03870        0.01179        0.16799       26.35443       -0.27423        0.00000        0.00000        0.00000        0.00000        0.00000        0.00000        0.00000        0.00000        0.00000        0.00000        0.00000        0.00000        0.00000        0.00000
        0.56344       -0.65987        0.29129        0.06667       -0.33839       -0.23125       -0.24294       -0.46434       -0.48328        0.15442        0.10606       -0.45473       -0.27423       45.27558        0.00000        0.00000        0.00000        0.00000        0.00000        0.00000        0.00000        0.00000        0.00000        0.00000        0.00000        0.00000        0.00000        0.00000
        0.00000        0.00000        0.00000        0.00000        0.00000        0.00000        0.00000        0.00000        0.00000        0.00000        0.00000        0.00000        0.00000        0.00000       38.05254       -0.52372       -0.04218       -0.15604        0.31778        1.41268       -1.03887        0.00000        0.00000        0.00000        0.00000        0.00000        0.00000        0.00000
        0.00000        0.00000        0.00000        0.00000        0.00000        0.00000        0.00000        0.00000        0.00000        0.00000        0.00000        0.00000        0.00000        0.00000       -0.52372       41.11702        0.28643        0.19522        0.16171       -0.21021        0.23625        0.00000        0.00000        0.00000        0.00000        0.00000        0.00000        0.00000
        0.00000        0.00000        0.00000        0.00000        0.00000        0.00000        0.00000        0.00000        0.00000        0.00000        0.00000        0.00000        0.00000        0.00000       -0.04218        0.28643       25.72318        0.29294       -0.10748        0.13329        0.11246        0.00000        0.00000        0.00000        0.00000        0.00000        0.00000        0.00000
        0.00000        0.00000        0.00000        0.00000        0.00000        0.00000        0.00000        0.00000        0.00000        0.00000        0.00000        0.00000        0.00000        0.00000       -0.15604        0.19522        0.29294       25.98793       -0.21624       -0.01989       -0.04755        0.00000        0.00000        0.00000        0.00000        0.00000        0.00000        0.00000
        0.00000        0.00000        0.00000        0.00000        0.00000        0.00000        0.00000        0.00000        0.00000        0.00000        0.00000        0.00000        0.00000        0.00000        0.31778        0.16171       -0.10748       -0.21624       18.12793       -0.01193        0.09133        0.00000        0.00000        0.00000        0.00000        0.00000        0.00000        0.00000
        0.00000        0.00000        0.00000        0.00000        0.00000        0.00000        0.00000        0.00000        0.00000        0.00000        0.00000        0.00000        0.00000        0.00000        1.41268       -0.21021        0.13329       -0.01989       -0.01193       29.11098       -0.51641        0.00000        0.00000        0.00000        0.00000        0.00000        0.00000        0.00000
        0.00000        0.00000        0.00000        0.00000        0.00000        0.00000        0.00000        0.00000        0.00000        0.00000        0.00000        0.00000        0.00000        0.00000       -1.03887        0.23625        0.11246       -0.04755        0.09133       -0.51641       47.75601        0.00000        0.00000        0.00000        0.00000        0.00000        0.00000        0.00000
        0.00000        0.00000        0.00000        0.00000        0.00000        0.00000        0.00000        0.00000        0.00000        0.00000        0.00000        0.00000        0.00000        0.00000        0.00000        0.00000        0.00000        0.00000        0.00000        0.00000        0.00000       31.65977       -0.56710       -0.03943       -0.14715        0.27648       -1.57746       -1.02755
        0.00000        0.00000        0.00000        0.00000        0.00000        0.00000        0.00000        0.00000        0.00000        0.00000        0.00000        0.00000        0.00000        0.00000        0.00000        0.00000        0.00000        0.00000        0.00000        0.00000        0.00000       -0.56710       35.24510        0.27771        0.19476        0.17093        0.22306        0.23262
        0.00000        0.00000        0.00000        0.00000        0.00000        0.00000        0.00000        0.00000        0.00000        0.00000        0.00000        0.00000        0.00000        0.00000        0.00000        0.00000        0.00000        0.00000        0.00000        0.00000        0.00000       -0.03943        0.27771       20.05798        0.30138       -0.09752       -0.14036        0.11288
        0.00000        0.00000        0.00000        0.00000        0.00000        0.00000        0.00000        0.00000        0.00000        0.00000        0.00000        0.00000        0.00000        0.00000        0.00000        0.00000        0.00000        0.00000        0.00000        0.00000        0.00000       -0.14715        0.19476        0.30138       20.48186       -0.23064        0.00706       -0.05413
        0.00000        0.00000        0.00000        0.00000        0.00000        0.00000        0.00000        0.00000        0.00000        0.00000        0.00000        0.00000        0.00000        0.00000        0.00000        0.00000        0.00000        0.00000        0.00000        0.00000        0.00000        0.27648        0.17093       -0.09752       -0.23064       12.79504        0.05010        0.11535
        0.00000        0.00000        0.00000        0.00000        0.00000        0.00000        0.00000        0.00000        0.00000        0.00000        0.00000        0.00000        0.00000        0.00000        0.00000        0.00000        0.00000        0.00000        0.00000        0.00000        0.00000       -1.57746        0.22306       -0.14036        0.00706        0.05010       23.54819        0.54116
        0.00000        0.00000        0.00000        0.00000        0.00000        0.00000        0.00000        0.00000        0.00000        0.00000        0.00000        0.00000        0.00000        0.00000        0.00000        0.00000        0.00000        0.00000        0.00000        0.00000        0.00000       -1.02755        0.23262        0.11288       -0.05413        0.11535        0.54116       42.08656
 --------------------------------------
 --------------------------------------
       33.49443       -0.10799       -0.50559       -1.02260       -0.41758        0.34139        0.04974       -0.11044        0.20072       -0.20383        0.00000        0.00000        0.00000        0.00000        0.00000        0.00000        0.00000        0.00000        0.00000        0.00000
       -0.10799       22.25995        0.13979        0.06613        0.50493        0.06109        0.14691       -0.01743       -0.07841       -0.07508        0.00000        0.00000        0.00000        0.00000        0.00000        0.00000        0.00000        0.00000        0.00000        0.00000
       -0.50559        0.13979       25.07568        0.24666        0.11913        0.09836        0.01941        0.10831       -0.04244       -0.00714        0.00000        0.00000        0.00000        0.00000        0.00000        0.00000        0.00000        0.00000        0.00000        0.00000
       -1.02260        0.06613        0.24666       17.77442        0.36976       -0.17195        0.08673       -0.03950       -0.02895        0.01421        0.00000        0.00000        0.00000        0.00000        0.00000        0.00000        0.00000        0.00000        0.00000        0.00000
       -0.41758        0.50493        0.11913        0.36976       43.72537       -0.22572       -0.07221        0.01810       -0.03807        0.17478        0.00000        0.00000        0.00000        0.00000        0.00000        0.00000        0.00000        0.00000        0.00000        0.00000
        0.34139        0.06109        0.09836       -0.17195       -0.22572       34.24636       -0.15011        0.59327        1.18943       -0.50044        0.00000        0.00000        0.00000        0.00000        0.00000        0.00000        0.00000        0.00000        0.00000        0.00000
        0.04974        0.14691        0.01941        0.08673       -0.07221       -0.15011       23.61348       -0.16635       -0.08543        0.49270        0.00000        0.00000        0.00000        0.00000        0.00000        0.00000        0.00000        0.00000        0.00000        0.00000
       -0.11044       -0.01743        0.10831       -0.03950        0.01810        0.59327       -0.16635       26.25370        0.30506       -0.11754        0.00000        0.00000        0.00000        0.00000        0.00000        0.00000        0.00000        0.00000        0.00000        0.00000
        0.20072       -0.07841       -0.04244       -0.02895       -0.03807        1.18943       -0.08543        0.30506       18.83390       -0.38545        0.00000        0.00000        0.00000        0.00000        0.00000        0.00000        0.00000        0.00000        0.00000        0.00000
       -0.20383       -0.07508       -0.00714        0.01421        0.17478       -0.50044        0.49270       -0.11754       -0.38545       45.16956        0.00000        0.00000        0.00000        0.00000        0.00000        0.00000        0.00000        0.00000        0.00000        0.00000
        0.00000        0.00000        0.00000        0.00000        0.00000        0.00000        0.00000        0.00000        0.00000        0.00000       37.03673        0.14620        0.67594        0.91751       -0.33416        0.00000        0.00000        0.00000        0.00000        0.00000
        0.00000        0.00000        0.00000        0.00000        0.00000        0.00000        0.00000        0.00000        0.00000        0.00000        0.14620       25.70145        0.12394       -0.01154       -0.53595        0.00000        0.00000        0.00000        0.00000        0.00000
        0.00000        0.00000        0.00000        0.00000        0.00000        0.00000        0.00000        0.00000        0.00000        0.00000        0.67594        0.12394       28.76876        0.23683       -0.14365        0.00000        0.00000        0.00000        0.00000        0.00000
        0.00000        0.00000        0.00000        0.00000        0.00000        0.00000        0.00000        0.00000        0.00000        0.00000        0.91751       -0.01154        0.23683       21.17226       -0.35618        0.00000        0.00000        0.00000        0.00000        0.00000
        0.00000        0.00000        0.00000        0.00000        0.00000        0.00000        0.00000        0.00000        0.00000        0.00000       -0.33416       -0.53595       -0.14365       -0.35618       47.25580        0.00000        0.00000        0.00000        0.00000        0.00000
        0.00000        0.00000        0.00000        0.00000        0.00000        0.00000        0.00000        0.00000        0.00000        0.00000        0.00000        0.00000        0.00000        0.00000        0.00000       30.53403        0.19530       -0.72855       -0.99875       -0.30725
        0.00000        0.00000        0.00000        0.00000        0.00000        0.00000        0.00000        0.00000        0.00000        0.00000        0.00000        0.00000        0.00000        0.00000        0.00000        0.19530       20.18604       -0.14684       -0.00386       -0.55117
        0.00000        0.00000        0.00000        0.00000        0.00000        0.00000        0.00000        0.00000        0.00000        0.00000        0.00000        0.00000        0.00000        0.00000        0.00000       -0.72855       -0.14684       23.09549        0.27818        0.14181
        0.00000        0.00000        0.00000        0.00000        0.00000        0.00000        0.00000        0.00000        0.00000        0.00000        0.00000        0.00000        0.00000        0.00000        0.00000       -0.99875       -0.00386        0.27818       15.69795        0.36182
        0.00000        0.00000        0.00000        0.00000        0.00000        0.00000        0.00000        0.00000        0.00000        0.00000        0.00000        0.00000        0.00000        0.00000        0.00000       -0.30725       -0.55117        0.14181        0.36182       41.61179
 --------------------------------------
 --------------------------------------
       25.13190       -0.07209        0.01426       -0.23407        0.00000        0.00000        0.00000        0.00000
       -0.07209       17.60079       -0.23396        0.27752        0.00000        0.00000        0.00000        0.00000
        0.01426       -0.23396       26.32383       -0.09491        0.00000        0.00000        0.00000        0.00000
       -0.23407        0.27752       -0.09491       18.62823        0.00000        0.00000        0.00000        0.00000
        0.00000        0.00000        0.00000        0.00000       28.71556       -0.28551        0.00000        0.00000
        0.00000        0.00000        0.00000        0.00000       -0.28551       21.26667        0.00000        0.00000
        0.00000        0.00000        0.00000        0.00000        0.00000        0.00000       23.03495       -0.34724
        0.00000        0.00000        0.00000        0.00000        0.00000        0.00000       -0.34724       15.80116
 --------------------------------------
 --------------------------------------
       25.17568       -0.16983        0.00000        0.00000
       -0.16983       26.38446        0.00000        0.00000
        0.00000        0.00000       28.63110        0.00000
        0.00000        0.00000        0.00000       22.92535
 --------------------------------------
