
 vl. vektory A
        0.00000        0.99852       -0.03971        0.00000       -0.01513        0.00000       -0.01070        0.00000        0.00000       -0.00783        0.03112        0.00000
        0.00000        0.01785       -0.00552        0.00000        0.82342        0.00000        0.56676        0.00000        0.00000        0.00931        0.01790        0.00000
        0.00000        0.00802        0.03298        0.00000       -0.01761        0.00000        0.00830        0.00000        0.00000        0.99878        0.03019        0.00000
        0.00000       -0.03939       -0.99838        0.00000       -0.01749        0.00000        0.01655        0.00000        0.00000        0.03298       -0.00472        0.00000
        0.00000        0.00134        0.02300        0.00000       -0.56634        0.00000        0.82360        0.00000        0.00000       -0.01729       -0.01014        0.00000
        0.00000        0.03184        0.00415        0.00000        0.01959        0.00000        0.00163        0.00000        0.00000        0.03013       -0.99884        0.00000
        0.00000        0.00000        0.00000        0.99906        0.00000        0.00000        0.00000       -0.02156        0.00000        0.00000        0.00000        0.03758
        0.00000        0.00000        0.00000        0.02136        0.00000        0.00000        0.00000        0.99976        0.00000        0.00000        0.00000        0.00562
        0.00000        0.00000        0.00000       -0.03770        0.00000        0.00000        0.00000       -0.00481        0.00000        0.00000        0.00000        0.99928
        0.99905        0.00000        0.00000        0.00000        0.00000        0.02191        0.00000        0.00000       -0.03780        0.00000        0.00000        0.00000
       -0.02159        0.00000        0.00000        0.00000        0.00000        0.99973        0.00000        0.00000        0.00887        0.00000        0.00000        0.00000
        0.03798        0.00000        0.00000        0.00000        0.00000       -0.00805        0.00000        0.00000        0.99925        0.00000        0.00000        0.00000

 vl. vektory A
        0.48425        0.00000       -0.20342        0.00945        0.00000        0.00000        0.20472        0.00000       -0.38821        0.00000        0.11402        0.00000       -0.16051        0.00000        0.66311        0.00000       -0.09798        0.00000        0.16993        0.00000        0.00000        0.00284       -0.11240        0.00000        0.00000       -0.02503        0.00000       -0.02309        0.02214       -0.01297        0.00000        0.00000
       -0.21511        0.00000       -0.08722       -0.07705        0.00000        0.00000       -0.04948        0.00000       -0.13324        0.00000        0.85902        0.00000       -0.38240        0.00000       -0.18236        0.00000       -0.02220        0.00000        0.03802        0.00000        0.00000        0.01399        0.01568        0.00000        0.00000       -0.01032        0.00000        0.00455        0.00670        0.00476        0.00000        0.00000
        0.20978        0.00000        0.81762       -0.50811        0.00000        0.00000        0.03072        0.00000       -0.01989        0.00000        0.12787        0.00000        0.06469        0.00000        0.06184        0.00000       -0.02056        0.00000        0.04237        0.00000        0.00000        0.03107       -0.00869        0.00000        0.00000        0.00866        0.00000       -0.01077        0.00710        0.01091        0.00000        0.00000
       -0.13794        0.00000        0.00947       -0.00199        0.00000        0.00000       -0.09854        0.00000        0.13303        0.00000       -0.07774        0.00000       -0.03337        0.00000       -0.01013        0.00000       -0.88382        0.00000        0.38399        0.00000        0.00000        0.12969        0.01431        0.00000        0.00000        0.00788        0.00000       -0.02176       -0.00696       -0.00211        0.00000        0.00000
       -0.39092        0.00000        0.13631        0.07024        0.00000        0.00000        0.81624        0.00000       -0.34406        0.00000       -0.13174        0.00000       -0.04480        0.00000       -0.11981        0.00000       -0.06288        0.00000       -0.00138        0.00000        0.00000        0.01968        0.02719        0.00000        0.00000       -0.00398        0.00000       -0.00594       -0.01225       -0.00593        0.00000        0.00000
       -0.02956        0.00000        0.01175        0.00008        0.00000        0.00000       -0.01983        0.00000        0.01427        0.00000       -0.01383        0.00000       -0.01137        0.00000       -0.00021        0.00000        0.01922        0.00000        0.01147        0.00000        0.00000       -0.04483       -0.01687        0.00000        0.00000       -0.71229        0.00000       -0.62405       -0.23224        0.21108        0.00000        0.00000
       -0.00326        0.00000        0.01992        0.00380        0.00000        0.00000       -0.00067        0.00000        0.01414        0.00000        0.00166        0.00000       -0.00542        0.00000        0.02507        0.00000       -0.01018        0.00000        0.00436        0.00000        0.00000        0.02444       -0.05295        0.00000        0.00000       -0.48174        0.00000        0.70646       -0.50518       -0.09393        0.00000        0.00000
       -0.09256        0.00000        0.04728        0.00071        0.00000        0.00000       -0.01810        0.00000        0.02644        0.00000        0.00372        0.00000       -0.02302        0.00000        0.13537        0.00000       -0.04917        0.00000        0.12454        0.00000        0.00000       -0.88177        0.41158        0.00000        0.00000        0.02916        0.00000        0.04322       -0.04160        0.00379        0.00000        0.00000
       -0.48303        0.00000        0.18014        0.11040        0.00000        0.00000       -0.01278        0.00000        0.40646        0.00000        0.01221        0.00000       -0.24003        0.00000        0.64439        0.00000        0.04670        0.00000       -0.24868        0.00000        0.00000        0.10169       -0.08271        0.00000        0.00000        0.03827        0.00000       -0.02150        0.00513       -0.02238        0.00000        0.00000
       -0.21525        0.00000       -0.09615       -0.00419        0.00000        0.00000        0.03111        0.00000       -0.04507        0.00000        0.36252        0.00000        0.86948        0.00000        0.22461        0.00000       -0.02183        0.00000        0.04176        0.00000        0.00000        0.03365       -0.00318        0.00000        0.00000       -0.01014        0.00000       -0.00822        0.00015        0.00026        0.00000        0.00000
        0.20074        0.00000        0.44691        0.84740        0.00000        0.00000       -0.04977        0.00000       -0.03943        0.00000        0.16668        0.00000        0.04509        0.00000       -0.05882        0.00000       -0.01808        0.00000        0.05432        0.00000        0.00000        0.01503        0.02665        0.00000        0.00000        0.00626        0.00000       -0.00713       -0.00147        0.01663        0.00000        0.00000
        0.13998        0.00000       -0.01054       -0.00271        0.00000        0.00000       -0.02655        0.00000       -0.16472        0.00000        0.04972        0.00000        0.05292        0.00000       -0.04889        0.00000       -0.44196        0.00000       -0.84869        0.00000        0.00000       -0.15534       -0.06616        0.00000        0.00000       -0.01640        0.00000       -0.01212       -0.00626       -0.01510        0.00000        0.00000
        0.38418        0.00000       -0.13283       -0.00743        0.00000        0.00000        0.52302        0.00000        0.70466        0.00000        0.21699        0.00000        0.03493        0.00000       -0.09785        0.00000       -0.05325        0.00000       -0.03080        0.00000        0.00000       -0.05064        0.00684        0.00000        0.00000       -0.00582        0.00000       -0.01355       -0.00985        0.00445        0.00000        0.00000
        0.02651        0.00000       -0.00997       -0.00619        0.00000        0.00000       -0.00840        0.00000       -0.02256        0.00000        0.01408        0.00000        0.00152        0.00000       -0.00752        0.00000        0.01732        0.00000        0.00218        0.00000        0.00000        0.03773        0.02528        0.00000        0.00000        0.40101        0.00000       -0.31835       -0.75512       -0.40446        0.00000        0.00000
        0.00185        0.00000       -0.01820       -0.00714        0.00000        0.00000        0.00616        0.00000       -0.01270        0.00000        0.00095        0.00000       -0.00394        0.00000        0.01947        0.00000       -0.00677        0.00000       -0.01312        0.00000        0.00000        0.01037       -0.05017        0.00000        0.00000        0.30591        0.00000        0.07640       -0.34333        0.88254        0.00000        0.00000
        0.07803        0.00000       -0.03828       -0.02004        0.00000        0.00000        0.00661        0.00000       -0.02844        0.00000        0.00301        0.00000       -0.01797        0.00000        0.09078        0.00000       -0.00206        0.00000       -0.12976        0.00000        0.00000        0.40196        0.89358        0.00000        0.00000       -0.05033        0.00000        0.01832       -0.00972        0.05255        0.00000        0.00000
        0.00000        0.00000        0.00000        0.00000        0.00000       -0.07813        0.00000        0.00000        0.00000        0.00000        0.00000        0.11706        0.00000        0.00000        0.00000        0.25110        0.00000        0.94058        0.00000       -0.07102        0.00000        0.00000        0.00000       -0.15934        0.00000        0.00000        0.00000        0.00000        0.00000        0.00000       -0.02721        0.03571
        0.00000        0.00000        0.00000        0.00000        0.00000        0.04646        0.00000        0.00000        0.00000        0.00000        0.00000       -0.05467        0.00000        0.00000        0.00000        0.96691        0.00000       -0.24398        0.00000        0.00592        0.00000        0.00000        0.00000        0.01603        0.00000        0.00000        0.00000        0.00000        0.00000        0.00000        0.01104       -0.00019
        0.00000        0.00000        0.00000        0.00000        0.00000        0.99481        0.00000        0.00000        0.00000        0.00000        0.00000        0.05455        0.00000        0.00000        0.00000       -0.02474        0.00000        0.07732        0.00000       -0.00420        0.00000        0.00000        0.00000       -0.02672        0.00000        0.00000        0.00000        0.00000        0.00000        0.00000        0.00015        0.00764
        0.00000        0.00000        0.00000        0.00000        0.00000        0.00426        0.00000        0.00000        0.00000        0.00000        0.00000       -0.08350        0.00000        0.00000        0.00000       -0.01491        0.00000       -0.06727        0.00000       -0.99306        0.00000        0.00000        0.00000       -0.03588        0.00000        0.00000        0.00000        0.00000        0.00000        0.00000       -0.02805        0.00326
        0.00000        0.00000        0.00000        0.00000        0.00000       -0.04260        0.00000        0.00000        0.00000        0.00000        0.00000        0.98635        0.00000        0.00000        0.00000        0.02420        0.00000       -0.13412        0.00000       -0.07486        0.00000        0.00000        0.00000        0.02643        0.00000        0.00000        0.00000        0.00000        0.00000        0.00000       -0.01841       -0.00897
        0.00000        0.00000        0.00000        0.00000        0.00000       -0.00535        0.00000        0.00000        0.00000        0.00000        0.00000        0.01988        0.00000        0.00000        0.00000       -0.00697        0.00000        0.00686        0.00000       -0.02635        0.00000        0.00000        0.00000       -0.01076        0.00000        0.00000        0.00000        0.00000        0.00000        0.00000        0.91939        0.39164
        0.00000        0.00000        0.00000        0.00000        0.00000       -0.00236        0.00000        0.00000        0.00000        0.00000        0.00000       -0.00409        0.00000        0.00000        0.00000       -0.00452        0.00000       -0.03028        0.00000        0.01362        0.00000        0.00000        0.00000        0.07829        0.00000        0.00000        0.00000        0.00000        0.00000        0.00000       -0.38914        0.91722
        0.00000        0.00000        0.00000        0.00000        0.00000        0.01506        0.00000        0.00000        0.00000        0.00000        0.00000       -0.00767        0.00000        0.00000        0.00000        0.02336        0.00000        0.16225        0.00000       -0.04736        0.00000        0.00000        0.00000        0.98255        0.00000        0.00000        0.00000        0.00000        0.00000        0.00000        0.03595       -0.06243
        0.00000       -0.09522        0.00000        0.00000        0.14093        0.00000        0.00000        0.32368        0.00000        0.91568        0.00000        0.00000        0.00000       -0.07372        0.00000        0.00000        0.00000        0.00000        0.00000        0.00000       -0.14326        0.00000        0.00000        0.00000       -0.02421        0.00000        0.03603        0.00000        0.00000        0.00000        0.00000        0.00000
        0.00000       -0.05014        0.00000        0.00000        0.07130        0.00000        0.00000       -0.94466        0.00000        0.31566        0.00000        0.00000        0.00000        0.00621        0.00000        0.00000        0.00000        0.00000        0.00000        0.00000       -0.01458        0.00000        0.00000        0.00000       -0.01129        0.00000       -0.00001        0.00000        0.00000        0.00000        0.00000        0.00000
        0.00000       -0.99284        0.00000        0.00000       -0.06637        0.00000        0.00000        0.01608        0.00000       -0.09354        0.00000        0.00000        0.00000        0.00874        0.00000        0.00000        0.00000        0.00000        0.00000        0.00000        0.02676        0.00000        0.00000        0.00000       -0.00017        0.00000       -0.00737        0.00000        0.00000        0.00000        0.00000        0.00000
        0.00000        0.00198        0.00000        0.00000       -0.10026        0.00000        0.00000       -0.03309        0.00000       -0.05938        0.00000        0.00000        0.00000       -0.99146        0.00000        0.00000        0.00000        0.00000        0.00000        0.00000       -0.03754        0.00000        0.00000        0.00000       -0.02981        0.00000        0.00607        0.00000        0.00000        0.00000        0.00000        0.00000
        0.00000       -0.04953        0.00000        0.00000        0.97986        0.00000        0.00000        0.02016        0.00000       -0.16666        0.00000        0.00000        0.00000       -0.09027        0.00000        0.00000        0.00000        0.00000        0.00000        0.00000        0.02503        0.00000        0.00000        0.00000       -0.02002        0.00000       -0.00770        0.00000        0.00000        0.00000        0.00000        0.00000
        0.00000       -0.00525        0.00000        0.00000        0.02064        0.00000        0.00000       -0.00704        0.00000        0.00738        0.00000        0.00000        0.00000       -0.02844        0.00000        0.00000        0.00000        0.00000        0.00000        0.00000       -0.01047        0.00000        0.00000        0.00000        0.94738        0.00000        0.31780        0.00000        0.00000        0.00000        0.00000        0.00000
        0.00000       -0.00186        0.00000        0.00000       -0.00452        0.00000        0.00000       -0.00741        0.00000       -0.02958        0.00000        0.00000        0.00000        0.01494        0.00000        0.00000        0.00000        0.00000        0.00000        0.00000        0.07434        0.00000        0.00000        0.00000       -0.31559        0.00000        0.94536        0.00000        0.00000        0.00000        0.00000        0.00000
        0.00000        0.01380        0.00000        0.00000       -0.00480        0.00000        0.00000        0.03136        0.00000        0.14463        0.00000        0.00000        0.00000       -0.04777        0.00000        0.00000        0.00000        0.00000        0.00000        0.00000        0.98533        0.00000        0.00000        0.00000        0.02957        0.00000       -0.06208        0.00000        0.00000        0.00000        0.00000        0.00000

 vl. vektory A
        0.00000        0.11515       -0.04069        0.00000       -0.04741        0.00000        0.00000        0.20606        0.00000       -0.70842        0.00000       -0.06435        0.63694        0.00000       -0.04344        0.00000       -0.11129        0.00000       -0.05450        0.09529        0.00000       -0.02251        0.00000        0.00000        0.00000       -0.01968       -0.03648        0.00000        0.00000        0.00984       -0.00625        0.00000
        0.00000       -0.86367        0.46195        0.00000       -0.05681        0.00000        0.00000        0.14982        0.00000       -0.02916        0.00000       -0.01548        0.08056        0.00000        0.02158        0.00000       -0.04762        0.00000       -0.03687        0.04132        0.00000       -0.01465        0.00000        0.00000        0.00000       -0.03110       -0.00723        0.00000        0.00000        0.01971       -0.00195        0.00000
        0.00000       -0.04538       -0.00981        0.00000        0.03061        0.00000        0.00000        0.07166        0.00000       -0.47492        0.00000        0.68978       -0.47365        0.00000       -0.22000        0.00000        0.10710        0.00000       -0.06012        0.01825        0.00000        0.02978        0.00000        0.00000        0.00000        0.02974        0.00121        0.00000        0.00000       -0.02191       -0.00042        0.00000
        0.00000        0.03008       -0.01623        0.00000        0.01164        0.00000        0.00000       -0.03508        0.00000        0.08847        0.00000        0.01370       -0.00987        0.00000        0.10999        0.00000        0.25854        0.00000       -0.33284        0.86600        0.00000       -0.21824        0.00000        0.00000        0.00000       -0.03919       -0.01425        0.00000        0.00000        0.01693       -0.00272        0.00000
        0.00000       -0.13752       -0.10480        0.00000        0.96070        0.00000        0.00000       -0.13661        0.00000       -0.11806        0.00000       -0.10574        0.00164        0.00000        0.04977        0.00000        0.02038        0.00000        0.00004       -0.01587        0.00000       -0.00692        0.00000        0.00000        0.00000       -0.00330        0.01178        0.00000        0.00000       -0.00475        0.00257        0.00000
        0.00000       -0.01235        0.00879        0.00000       -0.00510        0.00000        0.00000       -0.00131        0.00000        0.00833        0.00000       -0.01171        0.01513        0.00000       -0.00073        0.00000       -0.02682        0.00000       -0.01009        0.01947        0.00000       -0.01069        0.00000        0.00000        0.00000       -0.02692       -0.01434        0.00000        0.00000       -0.99637       -0.06558        0.00000
        0.00000       -0.02615        0.00918        0.00000       -0.00067        0.00000        0.00000       -0.01565        0.00000        0.01309        0.00000        0.00009        0.05092        0.00000       -0.01085        0.00000       -0.02950        0.00000       -0.01831        0.04439        0.00000       -0.02480        0.00000        0.00000        0.00000        0.97947        0.17959        0.00000        0.00000       -0.02596        0.00518        0.00000
        0.00000       -0.01892        0.04148        0.00000       -0.02526        0.00000        0.00000        0.05527        0.00000       -0.03803        0.00000       -0.01341        0.16243        0.00000        0.10759        0.00000        0.93609        0.00000        0.18768       -0.19899        0.00000        0.03931        0.00000        0.00000        0.00000        0.03361        0.00303        0.00000        0.00000       -0.02943       -0.00064        0.00000
        0.00000       -0.07194       -0.11376        0.00000        0.08638        0.00000        0.00000       -0.12927        0.00000        0.41144        0.00000        0.47993        0.52155        0.00000       -0.51238        0.00000        0.01668        0.00000       -0.07646       -0.04928        0.00000       -0.11058        0.00000        0.00000        0.00000       -0.03567       -0.03680        0.00000        0.00000        0.00831       -0.00856        0.00000
        0.00000        0.43601        0.86861        0.00000        0.15154        0.00000        0.00000       -0.11672        0.00000        0.01080        0.00000        0.04700        0.03118        0.00000       -0.09134        0.00000       -0.00706        0.00000       -0.03987       -0.02424        0.00000       -0.05956        0.00000        0.00000        0.00000        0.00352       -0.03120        0.00000        0.00000        0.00414       -0.01992        0.00000
        0.00000       -0.04029       -0.02234        0.00000       -0.04233        0.00000        0.00000       -0.01075        0.00000       -0.11954        0.00000       -0.52137       -0.22381        0.00000       -0.79088        0.00000        0.14510        0.00000       -0.10046        0.04033        0.00000        0.01160        0.00000        0.00000        0.00000        0.00975       -0.02821        0.00000        0.00000        0.00217       -0.02141        0.00000
        0.00000       -0.01667       -0.03233        0.00000       -0.01926        0.00000        0.00000        0.02925        0.00000       -0.06417        0.00000       -0.03144       -0.08500        0.00000       -0.00859        0.00000       -0.03527        0.00000        0.33913       -0.08507        0.00000       -0.92702        0.00000        0.00000        0.00000       -0.00074       -0.04282        0.00000        0.00000        0.00613       -0.01772        0.00000
        0.00000        0.14258        0.01284        0.00000        0.19152        0.00000        0.00000        0.93472        0.00000        0.24515        0.00000        0.01895       -0.04858        0.00000       -0.06934        0.00000       -0.01841        0.00000        0.00855        0.02591        0.00000        0.01127        0.00000        0.00000        0.00000        0.01566        0.00107        0.00000        0.00000       -0.00269        0.00502        0.00000
        0.00000        0.00471        0.01481        0.00000       -0.00209        0.00000        0.00000       -0.00484        0.00000       -0.00474        0.00000       -0.00886        0.00224        0.00000       -0.01780        0.00000        0.00361        0.00000       -0.02440       -0.01044        0.00000       -0.02628        0.00000        0.00000        0.00000       -0.00222       -0.03079        0.00000        0.00000       -0.06465        0.99638        0.00000
        0.00000        0.01412        0.02170        0.00000       -0.00843        0.00000        0.00000        0.00499        0.00000       -0.01662        0.00000       -0.00069        0.02477        0.00000       -0.04004        0.00000        0.00650        0.00000       -0.02326       -0.00929        0.00000       -0.05496        0.00000        0.00000        0.00000       -0.18243        0.97929        0.00000        0.00000       -0.01007        0.02582        0.00000
        0.00000       -0.00310        0.04351        0.00000        0.02219        0.00000        0.00000       -0.04127        0.00000        0.00915        0.00000        0.04838        0.02967        0.00000       -0.14071        0.00000       -0.07573        0.00000        0.84372        0.42892        0.00000        0.26329        0.00000        0.00000        0.00000       -0.00937        0.02999        0.00000        0.00000       -0.00269        0.03021        0.00000
        0.00000        0.00000        0.00000        0.00000        0.00000       -0.11424        0.00000        0.00000        0.00000        0.00000        0.03180        0.00000        0.00000        0.00000        0.00000        0.00000        0.00000        0.39260        0.00000        0.00000       -0.88739        0.00000       -0.15521        0.11877        0.00000        0.00000        0.00000       -0.07630        0.00000        0.00000        0.00000        0.01813
        0.00000        0.00000        0.00000        0.00000        0.00000        0.98730        0.00000        0.00000        0.00000        0.00000        0.07145        0.00000        0.00000        0.00000        0.00000        0.00000        0.00000        0.02781        0.00000        0.00000       -0.08662        0.00000       -0.07771        0.06209        0.00000        0.00000        0.00000       -0.03762        0.00000        0.00000        0.00000        0.02352
        0.00000        0.00000        0.00000        0.00000        0.00000        0.00920        0.00000        0.00000        0.00000        0.00000        0.05797        0.00000        0.00000        0.00000        0.00000        0.00000        0.00000        0.91494        0.00000        0.00000        0.39680        0.00000        0.01698       -0.02447        0.00000        0.00000        0.00000        0.02566        0.00000        0.00000        0.00000       -0.02102
        0.00000        0.00000        0.00000        0.00000        0.00000       -0.03544        0.00000        0.00000        0.00000        0.00000       -0.00199        0.00000        0.00000        0.00000        0.00000        0.00000        0.00000       -0.01495        0.00000        0.00000        0.08892        0.00000        0.24406        0.96335        0.00000        0.00000        0.00000       -0.05085        0.00000        0.00000        0.00000        0.02061
        0.00000        0.00000        0.00000        0.00000        0.00000       -0.06796        0.00000        0.00000        0.00000        0.00000        0.99519        0.00000        0.00000        0.00000        0.00000        0.00000        0.00000       -0.06820        0.00000        0.00000        0.01204        0.00000        0.00426       -0.00299        0.00000        0.00000        0.00000        0.01063        0.00000        0.00000        0.00000       -0.00645
        0.00000        0.00000        0.00000        0.00000        0.00000       -0.01736        0.00000        0.00000        0.00000        0.00000        0.00533        0.00000        0.00000        0.00000        0.00000        0.00000        0.00000        0.01331        0.00000        0.00000        0.01602        0.00000        0.02994       -0.02861        0.00000        0.00000        0.00000        0.04209        0.00000        0.00000        0.00000        0.99787
        0.00000        0.00000        0.00000        0.00000        0.00000        0.02541        0.00000        0.00000        0.00000        0.00000       -0.00753        0.00000        0.00000        0.00000        0.00000        0.00000        0.00000        0.00504        0.00000        0.00000       -0.07130        0.00000       -0.03843        0.07053        0.00000        0.00000        0.00000        0.99315        0.00000        0.00000        0.00000       -0.03715
        0.00000        0.00000        0.00000        0.00000        0.00000        0.07272        0.00000        0.00000        0.00000        0.00000        0.00556        0.00000        0.00000        0.00000        0.00000        0.00000        0.00000        0.05384        0.00000        0.00000       -0.18492        0.00000        0.95269       -0.21818        0.00000        0.00000        0.00000        0.03576        0.00000        0.00000        0.00000       -0.03286
       -0.12454        0.00000        0.00000        0.04444        0.00000        0.00000       -0.53318        0.00000       -0.82002        0.00000        0.00000        0.00000        0.00000       -0.08637        0.00000        0.11608        0.00000        0.00000        0.00000        0.00000        0.00000        0.00000        0.00000        0.00000       -0.06760        0.00000        0.00000        0.00000        0.01734        0.00000        0.00000        0.00000
        0.98715        0.00000        0.00000        0.06578        0.00000        0.00000       -0.04535        0.00000       -0.09801        0.00000        0.00000        0.00000        0.00000       -0.05904        0.00000        0.06587        0.00000        0.00000        0.00000        0.00000        0.00000        0.00000        0.00000        0.00000       -0.03420        0.00000        0.00000        0.00000        0.02350        0.00000        0.00000        0.00000
       -0.01354        0.00000        0.00000       -0.07842        0.00000        0.00000        0.83718        0.00000       -0.53930        0.00000        0.00000        0.00000        0.00000       -0.00727        0.00000        0.02756        0.00000        0.00000        0.00000        0.00000        0.00000        0.00000        0.00000        0.00000       -0.02549        0.00000        0.00000        0.00000        0.02212        0.00000        0.00000        0.00000
       -0.03733        0.00000        0.00000       -0.00478        0.00000        0.00000        0.02931        0.00000        0.09510        0.00000        0.00000        0.00000        0.00000        0.28820        0.00000        0.95005        0.00000        0.00000        0.00000        0.00000        0.00000        0.00000        0.00000        0.00000       -0.05027        0.00000        0.00000        0.00000        0.02255        0.00000        0.00000        0.00000
       -0.06075        0.00000        0.00000        0.99368        0.00000        0.00000        0.09305        0.00000        0.00044        0.00000        0.00000        0.00000        0.00000        0.00745        0.00000       -0.00178        0.00000        0.00000        0.00000        0.00000        0.00000        0.00000        0.00000        0.00000        0.01141        0.00000        0.00000        0.00000       -0.00774        0.00000        0.00000        0.00000
       -0.01762        0.00000        0.00000        0.00695        0.00000        0.00000       -0.01038        0.00000        0.02040        0.00000        0.00000        0.00000        0.00000        0.02589        0.00000       -0.03182        0.00000        0.00000        0.00000        0.00000        0.00000        0.00000        0.00000        0.00000        0.03969        0.00000        0.00000        0.00000        0.99793        0.00000        0.00000        0.00000
        0.02278        0.00000        0.00000       -0.00867        0.00000        0.00000       -0.01390        0.00000       -0.06552        0.00000        0.00000        0.00000        0.00000       -0.02301        0.00000        0.06826        0.00000        0.00000        0.00000        0.00000        0.00000        0.00000        0.00000        0.00000        0.99423        0.00000        0.00000        0.00000       -0.03511        0.00000        0.00000        0.00000
        0.06268        0.00000        0.00000        0.00079        0.00000        0.00000       -0.05450        0.00000       -0.11563        0.00000        0.00000        0.00000        0.00000        0.95115        0.00000       -0.27049        0.00000        0.00000        0.00000        0.00000        0.00000        0.00000        0.00000        0.00000        0.02966        0.00000        0.00000        0.00000       -0.03158        0.00000        0.00000        0.00000

 vl. vektory A
        0.00000       -0.10181        0.10847        0.00000        0.00000       -0.78097       -0.54802        0.00000        0.00000        0.07229        0.00000        0.18612        0.01934        0.15964        0.00000        0.00000        0.00000        0.04340        0.00303        0.00000        0.00000        0.00082       -0.00283        0.00000
        0.00000        0.73872        0.64963        0.00000        0.00000       -0.10821        0.10773        0.00000        0.00000        0.01472        0.00000       -0.07032       -0.01965       -0.04992        0.00000        0.00000        0.00000       -0.00547       -0.02606        0.00000        0.00000       -0.00534        0.01319        0.00000
        0.00000        0.11628       -0.01449        0.00000        0.00000        0.19893       -0.17177        0.00000        0.00000        0.05377        0.00000        0.48488        0.79281       -0.21863        0.00000        0.00000        0.00000        0.00669       -0.04307        0.00000        0.00000       -0.01568        0.02656        0.00000
        0.00000       -0.01747        0.00656        0.00000        0.00000       -0.00952        0.00281        0.00000        0.00000       -0.00434        0.00000       -0.01744       -0.00795       -0.02248        0.00000        0.00000        0.00000       -0.00849        0.00025        0.00000        0.00000       -0.99857       -0.03800        0.00000
        0.00000        0.02262       -0.02136        0.00000        0.00000       -0.01234       -0.02425        0.00000        0.00000        0.02164        0.00000        0.06493       -0.01961        0.07273        0.00000        0.00000        0.00000       -0.99374       -0.01962        0.00000        0.00000        0.00520        0.00119        0.00000
        0.00000       -0.03673        0.04430        0.00000        0.00000       -0.13583        0.20833        0.00000        0.00000       -0.91929        0.00000        0.28547       -0.00207        0.08030        0.00000        0.00000        0.00000       -0.00146        0.04099        0.00000        0.00000        0.00047       -0.01084        0.00000
        0.00000        0.10596        0.07624        0.00000        0.00000        0.48063       -0.77981        0.00000        0.00000       -0.28296        0.00000       -0.11217       -0.22068       -0.02563        0.00000        0.00000        0.00000        0.00196        0.04283        0.00000        0.00000       -0.00257       -0.00105        0.00000
        0.00000       -0.63392        0.74586        0.00000        0.00000        0.16831        0.04687        0.00000        0.00000        0.05280        0.00000        0.00870        0.07654        0.03818        0.00000        0.00000        0.00000       -0.03054       -0.00392        0.00000        0.00000        0.01303       -0.00250        0.00000
        0.00000       -0.11582        0.01367        0.00000        0.00000       -0.20550       -0.02613        0.00000        0.00000       -0.09332        0.00000       -0.13252       -0.10866       -0.94771        0.00000        0.00000        0.00000       -0.07765        0.00692        0.00000        0.00000        0.03020       -0.01621        0.00000
        0.00000       -0.01747       -0.00488        0.00000        0.00000       -0.01033        0.00299        0.00000        0.00000       -0.01296        0.00000       -0.01121       -0.02266       -0.00850        0.00000        0.00000        0.00000       -0.00057        0.00766        0.00000        0.00000       -0.03699        0.99862        0.00000
        0.00000       -0.02056       -0.01345        0.00000        0.00000        0.00473       -0.02198        0.00000        0.00000       -0.05427        0.00000       -0.01547       -0.04303        0.00542        0.00000        0.00000        0.00000        0.01904       -0.99671        0.00000        0.00000        0.00026        0.00555        0.00000
        0.00000        0.03175        0.03203        0.00000        0.00000        0.13570        0.05559        0.00000        0.00000        0.22674        0.00000        0.78020       -0.54910       -0.10774        0.00000        0.00000        0.00000        0.05585       -0.00194        0.00000        0.00000       -0.00977       -0.00005        0.00000
        0.00000        0.00000        0.00000       -0.12220        0.00000        0.00000        0.00000        0.00000        0.00000        0.00000        0.96370        0.00000        0.00000        0.00000       -0.18456       -0.14052        0.00000        0.00000        0.00000        0.05043        0.00000        0.00000        0.00000       -0.00183
        0.00000        0.00000        0.00000       -0.99020        0.00000        0.00000        0.00000        0.00000        0.00000        0.00000       -0.10539        0.00000        0.00000        0.00000        0.08295        0.01706        0.00000        0.00000        0.00000       -0.03407        0.00000        0.00000        0.00000        0.00848
        0.00000        0.00000        0.00000       -0.00054        0.00000        0.00000        0.00000        0.00000        0.00000        0.00000        0.13524        0.00000        0.00000        0.00000       -0.05918        0.98774        0.00000        0.00000        0.00000       -0.04952        0.00000        0.00000        0.00000        0.01120
        0.00000        0.00000        0.00000        0.00745        0.00000        0.00000        0.00000        0.00000        0.00000        0.00000       -0.00099        0.00000        0.00000        0.00000       -0.00950       -0.01144        0.00000        0.00000        0.00000        0.00657        0.00000        0.00000        0.00000        0.99984
        0.00000        0.00000        0.00000        0.02479        0.00000        0.00000        0.00000        0.00000        0.00000        0.00000        0.03605        0.00000        0.00000        0.00000       -0.05591       -0.05825        0.00000        0.00000        0.00000       -0.99576        0.00000        0.00000        0.00000        0.00520
        0.00000        0.00000        0.00000       -0.06252        0.00000        0.00000        0.00000        0.00000        0.00000        0.00000       -0.20147        0.00000        0.00000        0.00000       -0.97588       -0.02842        0.00000        0.00000        0.00000        0.04756        0.00000        0.00000        0.00000       -0.00965
       -0.13461        0.00000        0.00000        0.00000        0.97206        0.00000        0.00000        0.13234       -0.13209        0.00000        0.00000        0.00000        0.00000        0.00000        0.00000        0.00000        0.04475        0.00000        0.00000        0.00000       -0.00358        0.00000        0.00000        0.00000
       -0.98929        0.00000        0.00000        0.00000       -0.12425        0.00000        0.00000       -0.06742        0.01543        0.00000        0.00000        0.00000        0.00000        0.00000        0.00000        0.00000       -0.03095        0.00000        0.00000        0.00000        0.01130        0.00000        0.00000        0.00000
       -0.00252        0.00000        0.00000        0.00000        0.12976        0.00000        0.00000        0.04783        0.98920        0.00000        0.00000        0.00000        0.00000        0.00000        0.00000        0.00000       -0.04683        0.00000        0.00000        0.00000        0.01248        0.00000        0.00000        0.00000
       -0.01007        0.00000        0.00000        0.00000       -0.00153        0.00000        0.00000       -0.01058        0.01294        0.00000        0.00000        0.00000        0.00000        0.00000        0.00000        0.00000       -0.00759        0.00000        0.00000        0.00000       -0.99978        0.00000        0.00000        0.00000
        0.02270        0.00000        0.00000        0.00000        0.03512        0.00000        0.00000        0.04823       -0.05413        0.00000        0.00000        0.00000        0.00000        0.00000        0.00000        0.00000       -0.99647        0.00000        0.00000        0.00000        0.00607        0.00000        0.00000        0.00000
       -0.05065        0.00000        0.00000        0.00000       -0.14691        0.00000        0.00000        0.98652       -0.02640        0.00000        0.00000        0.00000        0.00000        0.00000        0.00000        0.00000        0.04279        0.00000        0.00000        0.00000       -0.01038        0.00000        0.00000        0.00000

 vl. vektory A
        0.00000        0.89220       -0.45005        0.00000        0.00000        0.02518        0.02441        0.00000        0.00000        0.01283        0.00612        0.00000
        0.00000        0.01410        0.00048        0.00000        0.00000        0.00739       -0.00370        0.00000        0.00000       -0.99823        0.05712        0.00000
        0.00000        0.01254       -0.03744        0.00000        0.00000       -0.99188       -0.12063        0.00000        0.00000       -0.00701       -0.00477        0.00000
        0.00000        0.45110        0.89141        0.00000        0.00000       -0.02383       -0.03465        0.00000        0.00000        0.00727        0.00912        0.00000
        0.00000       -0.01037       -0.00534        0.00000        0.00000       -0.00590        0.00632        0.00000        0.00000        0.05690        0.99827        0.00000
        0.00000       -0.00455        0.03770        0.00000        0.00000       -0.12203        0.99177        0.00000        0.00000       -0.00501       -0.00656        0.00000
        0.00000        0.00000        0.00000        0.99976        0.00000        0.00000        0.00000        0.01493        0.00000        0.00000        0.00000        0.01625
        0.00000        0.00000        0.00000       -0.01609        0.00000        0.00000        0.00000       -0.01103        0.00000        0.00000        0.00000        0.99981
        0.00000        0.00000        0.00000        0.01511        0.00000        0.00000        0.00000       -0.99983        0.00000        0.00000        0.00000       -0.01078
        0.99982        0.00000        0.00000        0.00000       -0.01042        0.00000        0.00000        0.00000        0.01580        0.00000        0.00000        0.00000
        0.01568        0.00000        0.00000        0.00000       -0.01168        0.00000        0.00000        0.00000       -0.99981        0.00000        0.00000        0.00000
        0.01060        0.00000        0.00000        0.00000        0.99988        0.00000        0.00000        0.00000       -0.01152        0.00000        0.00000        0.00000

 vl. vektory A
        0.00000       -0.04271        0.00291        0.00000        0.00000        0.07738       -0.09138        0.00000       -0.75133        0.00000       -0.64756        0.00000
        0.00000        0.98239        0.12991        0.00000        0.00000       -0.07852        0.09297        0.00000       -0.04625        0.00000       -0.03305        0.00000
        0.00000        0.01385        0.16787        0.00000        0.00000        0.89679        0.40077        0.00000        0.07422        0.00000       -0.03567        0.00000
        0.00000       -0.01029        0.04240        0.00000        0.00000       -0.09841        0.01630        0.00000        0.64243        0.00000       -0.75857        0.00000
        0.00000       -0.13959        0.97458        0.00000        0.00000       -0.16269       -0.02819        0.00000       -0.03923        0.00000        0.04364        0.00000
        0.00000        0.11536        0.05771        0.00000        0.00000        0.38401       -0.90627        0.00000        0.11661        0.00000        0.03113        0.00000
        0.00000        0.00000        0.00000        0.04673        0.00000        0.00000        0.00000        0.04861        0.00000        0.00000        0.00000       -0.99772
        0.00000        0.00000        0.00000        0.99403        0.00000        0.00000        0.00000        0.09637        0.00000        0.00000        0.00000        0.05125
        0.00000        0.00000        0.00000       -0.09864        0.00000        0.00000        0.00000        0.99416        0.00000        0.00000        0.00000        0.04382
       -0.05022        0.00000        0.00000        0.00000       -0.05469        0.00000        0.00000        0.00000        0.00000       -0.99724        0.00000        0.00000
        0.99368        0.00000        0.00000        0.00000        0.09767        0.00000        0.00000        0.00000        0.00000       -0.05540        0.00000        0.00000
       -0.10043        0.00000        0.00000        0.00000        0.99371        0.00000        0.00000        0.00000        0.00000       -0.04944        0.00000        0.00000

 vl. vektory A
        0.00000        0.00000        0.00172       -0.02361       -0.00062       -0.01680        0.00000        0.00000        0.00000        0.00000        0.05306        0.04447        0.01996       -0.02969        0.00000        0.00000        0.00000       -0.98510       -0.02998        0.00000       -0.14592        0.00000       -0.02160        0.00000
        0.00000        0.00000        0.00195       -0.00943        0.01477        0.00861        0.00000        0.00000        0.00000        0.00000        0.00669        0.00682       -0.00068       -0.00226        0.00000        0.00000        0.00000        0.13998        0.09438        0.00000       -0.97748        0.00000        0.12471        0.00000
        0.00000        0.00000       -0.00134        0.01882       -0.05511       -0.00290        0.00000        0.00000        0.00000        0.00000        0.85972        0.46283        0.18437       -0.06188        0.00000        0.00000        0.00000        0.07053       -0.01369        0.00000        0.01631        0.00000       -0.00436        0.00000
        0.00000        0.00000        0.99358       -0.00922        0.07155       -0.06988        0.00000        0.00000        0.00000        0.00000       -0.01690        0.02724        0.03860        0.00352        0.00000        0.00000        0.00000        0.00380        0.00632        0.00000        0.00234        0.00000       -0.01090        0.00000
        0.00000        0.00000        0.02991       -0.02545       -0.01984        0.00464        0.00000        0.00000        0.00000        0.00000        0.46279       -0.87370        0.07909        0.11745        0.00000        0.00000        0.00000       -0.01586        0.01280        0.00000       -0.00349        0.00000        0.00595        0.00000
        0.00000        0.00000        0.03724        0.95622       -0.24698        0.14437        0.00000        0.00000        0.00000        0.00000       -0.01806       -0.02935        0.00026       -0.00218        0.00000        0.00000        0.00000       -0.02539        0.01569        0.00000       -0.01525        0.00000       -0.00937        0.00000
        0.00000        0.00000       -0.00990       -0.00824        0.00339       -0.03013        0.00000        0.00000        0.00000        0.00000       -0.00565        0.01080        0.06560       -0.05590        0.00000        0.00000        0.00000       -0.04480        0.97839        0.00000        0.10640        0.00000        0.14410        0.00000
        0.00000        0.00000       -0.01066       -0.01446       -0.00034        0.01117        0.00000        0.00000        0.00000        0.00000        0.00094       -0.00334       -0.00606        0.00831        0.00000        0.00000        0.00000        0.03192        0.15841        0.00000       -0.10510        0.00000       -0.98096        0.00000
        0.00000        0.00000        0.03104        0.00980        0.00145       -0.03454        0.00000        0.00000        0.00000        0.00000        0.18129        0.07523       -0.88002        0.42171        0.00000        0.00000        0.00000       -0.02096        0.07800        0.00000        0.00805        0.00000        0.01910        0.00000
        0.00000        0.00000        0.07134       -0.26357       -0.95596        0.08598        0.00000        0.00000        0.00000        0.00000       -0.05600        0.00644       -0.00200        0.02889        0.00000        0.00000        0.00000        0.00302        0.00604        0.00000       -0.00953        0.00000        0.00670        0.00000
        0.00000        0.00000        0.02710       -0.01339       -0.02444        0.01974        0.00000        0.00000        0.00000        0.00000        0.08395       -0.11264       -0.42285       -0.89378        0.00000        0.00000        0.00000        0.01826       -0.01849        0.00000        0.00207        0.00000       -0.00697        0.00000
        0.00000        0.00000       -0.05923        0.11781       -0.12557       -0.98177        0.00000        0.00000        0.00000        0.00000       -0.01207       -0.01717        0.01698       -0.02781        0.00000        0.00000        0.00000        0.01690       -0.02751        0.00000       -0.01409        0.00000       -0.01490        0.00000
        0.00000        0.00000        0.00000        0.00000        0.00000        0.00000       -0.01088       -0.03796        0.00000        0.00000        0.00000        0.00000        0.00000        0.00000        0.05853       -0.08089        0.00000        0.00000        0.00000        0.00000        0.00000       -0.99112        0.00000       -0.07845
        0.00000        0.00000        0.00000        0.00000        0.00000        0.00000        0.01276       -0.00242        0.00000        0.00000        0.00000        0.00000        0.00000        0.00000        0.00506       -0.00948        0.00000        0.00000        0.00000        0.00000        0.00000        0.07991        0.00000       -0.99666
        0.00000        0.00000        0.00000        0.00000        0.00000        0.00000        0.03469       -0.04084        0.00000        0.00000        0.00000        0.00000        0.00000        0.00000       -0.83479        0.54012        0.00000        0.00000        0.00000        0.00000        0.00000       -0.09092        0.00000       -0.01613
        0.00000        0.00000        0.00000        0.00000        0.00000        0.00000       -0.97019        0.23804        0.00000        0.00000        0.00000        0.00000        0.00000        0.00000       -0.03376        0.02745        0.00000        0.00000        0.00000        0.00000        0.00000       -0.00162        0.00000       -0.01356
        0.00000        0.00000        0.00000        0.00000        0.00000        0.00000       -0.00054        0.01751        0.00000        0.00000        0.00000        0.00000        0.00000        0.00000       -0.54619       -0.83672        0.00000        0.00000        0.00000        0.00000        0.00000        0.03474        0.00000        0.00792
        0.00000        0.00000        0.00000        0.00000        0.00000        0.00000       -0.23928       -0.96949        0.00000        0.00000        0.00000        0.00000        0.00000        0.00000        0.01471       -0.02793        0.00000        0.00000        0.00000        0.00000        0.00000        0.04266        0.00000        0.00305
        0.00997        0.04146        0.00000        0.00000        0.00000        0.00000        0.00000        0.00000       -0.07283        0.07774        0.00000        0.00000        0.00000        0.00000        0.00000        0.00000       -0.98933        0.00000        0.00000        0.08974        0.00000        0.00000        0.00000        0.00000
        0.01531       -0.00232        0.00000        0.00000        0.00000        0.00000        0.00000        0.00000        0.00441       -0.00997        0.00000        0.00000        0.00000        0.00000        0.00000        0.00000       -0.09136        0.00000        0.00000       -0.99564        0.00000        0.00000        0.00000        0.00000
        0.03648       -0.03609        0.00000        0.00000        0.00000        0.00000        0.00000        0.00000       -0.89724        0.42738        0.00000        0.00000        0.00000        0.00000        0.00000        0.00000        0.09699        0.00000        0.00000       -0.01651        0.00000        0.00000        0.00000        0.00000
       -0.97867        0.20020        0.00000        0.00000        0.00000        0.00000        0.00000        0.00000       -0.03629        0.02328        0.00000        0.00000        0.00000        0.00000        0.00000        0.00000        0.00158        0.00000        0.00000       -0.01605        0.00000        0.00000        0.00000        0.00000
       -0.00238        0.01558        0.00000        0.00000        0.00000        0.00000        0.00000        0.00000       -0.43368       -0.90010        0.00000        0.00000        0.00000        0.00000        0.00000        0.00000       -0.03723        0.00000        0.00000        0.01044        0.00000        0.00000        0.00000        0.00000
       -0.20132       -0.97808        0.00000        0.00000        0.00000        0.00000        0.00000        0.00000        0.01567       -0.02202        0.00000        0.00000        0.00000        0.00000        0.00000        0.00000       -0.04557        0.00000        0.00000        0.00366        0.00000        0.00000        0.00000        0.00000

 vl. vektory A
        0.00000        0.01998        0.02777        0.00000        0.00000        0.00000       -0.02456        0.00314        0.00000        0.03021        0.00132        0.03077        0.00000        0.00000       -0.12429        0.00000        0.69747        0.00000       -0.65137        0.00000        0.03182        0.00000       -0.25086        0.00000        0.00000       -0.06551       -0.04384        0.00000
        0.00000       -0.00861        0.00075        0.00000        0.00000        0.00000        0.01598        0.00143        0.00000       -0.02675       -0.00138        0.07832        0.00000        0.00000        0.05905        0.00000       -0.28547        0.00000       -0.20156        0.00000        0.90834        0.00000       -0.17463        0.00000        0.00000       -0.07376        0.07863        0.00000
        0.00000        0.06772        0.06368        0.00000        0.00000        0.00000       -0.91488        0.31435        0.00000       -0.12948       -0.18697       -0.00516        0.00000        0.00000       -0.02742        0.00000       -0.04895        0.00000       -0.00475        0.00000       -0.00505        0.00000       -0.02160        0.00000        0.00000        0.00465       -0.00977        0.00000
        0.00000        0.03675        0.05564        0.00000        0.00000        0.00000       -0.24967       -0.88989        0.00000       -0.37484        0.01958        0.01340        0.00000        0.00000       -0.00233        0.00000       -0.00274        0.00000       -0.00848        0.00000       -0.00955        0.00000       -0.00734        0.00000        0.00000        0.00402       -0.00219        0.00000
        0.00000       -0.96609        0.23826        0.00000        0.00000        0.00000       -0.07419       -0.02005        0.00000        0.03778        0.02920       -0.02208        0.00000        0.00000       -0.00687        0.00000        0.02371        0.00000        0.01434        0.00000        0.00272        0.00000       -0.00640        0.00000        0.00000       -0.01670        0.00939        0.00000
        0.00000       -0.01296       -0.00505        0.00000        0.00000        0.00000       -0.02278       -0.02074        0.00000        0.09473        0.00639        0.93742        0.00000        0.00000       -0.30591        0.00000        0.02718        0.00000        0.10675        0.00000       -0.01185        0.00000        0.06617        0.00000        0.00000        0.02628        0.01284        0.00000
        0.00000       -0.02010       -0.00931        0.00000        0.00000        0.00000        0.00987        0.00600        0.00000       -0.00949        0.00110       -0.00047        0.00000        0.00000        0.01782        0.00000       -0.03173        0.00000       -0.08472        0.00000        0.00627        0.00000       -0.15876        0.00000        0.00000        0.97326        0.13529        0.00000
        0.00000        0.03245        0.00892        0.00000        0.00000        0.00000       -0.03161       -0.00462        0.00000        0.00992       -0.01517       -0.04958        0.00000        0.00000        0.09647        0.00000        0.58889        0.00000        0.70486        0.00000        0.29434        0.00000       -0.22243        0.00000        0.00000        0.03198        0.07068        0.00000
        0.00000       -0.00381       -0.00925        0.00000        0.00000        0.00000        0.03098        0.00218        0.00000       -0.00094        0.01290        0.08059        0.00000        0.00000        0.04427        0.00000       -0.26638        0.00000        0.05526        0.00000       -0.27249        0.00000       -0.90264        0.00000        0.00000       -0.15754        0.04963        0.00000
        0.00000        0.06649        0.04067        0.00000        0.00000        0.00000       -0.21142       -0.32147        0.00000        0.90918       -0.08303       -0.09277        0.00000        0.00000        0.02005        0.00000       -0.05196        0.00000       -0.00730        0.00000        0.01921        0.00000       -0.01109        0.00000        0.00000        0.01059       -0.00304        0.00000
        0.00000        0.04864        0.01366        0.00000        0.00000        0.00000       -0.18591        0.05159        0.00000        0.05825        0.97795       -0.01409        0.00000        0.00000        0.00645        0.00000       -0.00296        0.00000        0.00776        0.00000        0.00978        0.00000        0.00395        0.00000        0.00000        0.00367       -0.00338        0.00000
        0.00000       -0.22668       -0.96584        0.00000        0.00000        0.00000       -0.10554       -0.04828        0.00000        0.01874        0.00618       -0.01840        0.00000        0.00000       -0.01626        0.00000        0.02771        0.00000       -0.00950        0.00000        0.00748        0.00000       -0.00304        0.00000        0.00000       -0.01439        0.01320        0.00000
        0.00000        0.01469        0.01244        0.00000        0.00000        0.00000        0.03402       -0.00635        0.00000       -0.01185        0.00680       -0.30870        0.00000        0.00000       -0.93505        0.00000       -0.07218        0.00000        0.11226        0.00000        0.07440        0.00000       -0.06675        0.00000        0.00000        0.00924        0.02716        0.00000
        0.00000       -0.01538       -0.01364        0.00000        0.00000        0.00000        0.01249       -0.00104        0.00000       -0.00350       -0.00112        0.00895        0.00000        0.00000       -0.00803        0.00000       -0.02981        0.00000        0.05935        0.00000        0.08157        0.00000       -0.08709        0.00000        0.00000        0.12556       -0.98227        0.00000
        0.00000        0.00000        0.00000       -0.01627        0.00000        0.00000        0.00000        0.00000        0.00000        0.00000        0.00000        0.00000       -0.00079       -0.01614        0.00000        0.14915        0.00000        0.00000        0.00000        0.00000        0.00000        0.96937        0.00000       -0.15804        0.00000        0.00000        0.00000       -0.11211
        0.00000        0.00000        0.00000       -0.00773        0.00000        0.00000        0.00000        0.00000        0.00000        0.00000        0.00000        0.00000       -0.00926        0.02076        0.00000       -0.00913        0.00000        0.00000        0.00000        0.00000        0.00000        0.16729        0.00000        0.98457        0.00000        0.00000        0.00000        0.04456
        0.00000        0.00000        0.00000        0.01329        0.00000        0.00000        0.00000        0.00000        0.00000        0.00000        0.00000        0.00000        0.84430       -0.53340        0.00000       -0.04581        0.00000        0.00000        0.00000        0.00000        0.00000        0.00268        0.00000        0.01816        0.00000        0.00000        0.00000        0.00558
        0.00000        0.00000        0.00000        0.02681        0.00000        0.00000        0.00000        0.00000        0.00000        0.00000        0.00000        0.00000       -0.53457       -0.84448        0.00000       -0.00661        0.00000        0.00000        0.00000        0.00000        0.00000       -0.01072        0.00000        0.01478        0.00000        0.00000        0.00000       -0.00087
        0.00000        0.00000        0.00000        0.99938        0.00000        0.00000        0.00000        0.00000        0.00000        0.00000        0.00000        0.00000        0.00310        0.02957        0.00000        0.00579        0.00000        0.00000        0.00000        0.00000        0.00000        0.01732        0.00000        0.00427        0.00000        0.00000        0.00000        0.00209
        0.00000        0.00000        0.00000        0.00275        0.00000        0.00000        0.00000        0.00000        0.00000        0.00000        0.00000        0.00000       -0.03549        0.02793        0.00000       -0.98750        0.00000        0.00000        0.00000        0.00000        0.00000        0.14290        0.00000       -0.03270        0.00000        0.00000        0.00000       -0.03615
        0.00000        0.00000        0.00000       -0.00355        0.00000        0.00000        0.00000        0.00000        0.00000        0.00000        0.00000        0.00000       -0.00619        0.00046        0.00000       -0.01848        0.00000        0.00000        0.00000        0.00000        0.00000        0.10718        0.00000       -0.06338        0.00000        0.00000        0.00000        0.99202
       -0.01540        0.00000        0.00000        0.00000        0.00117        0.01777        0.00000        0.00000        0.18073        0.00000        0.00000        0.00000        0.00000        0.00000        0.00000        0.00000        0.00000        0.96594        0.00000       -0.15113        0.00000        0.00000        0.00000        0.00000       -0.10446        0.00000        0.00000        0.00000
       -0.00829        0.00000        0.00000        0.00000       -0.01079       -0.01988        0.00000        0.00000       -0.00818        0.00000        0.00000        0.00000        0.00000        0.00000        0.00000        0.00000        0.00000        0.16066        0.00000        0.98574        0.00000        0.00000        0.00000        0.00000        0.04304        0.00000        0.00000        0.00000
        0.01235        0.00000        0.00000        0.00000        0.89061        0.45162        0.00000        0.00000       -0.04828        0.00000        0.00000        0.00000        0.00000        0.00000        0.00000        0.00000        0.00000        0.00323        0.00000        0.01780        0.00000        0.00000        0.00000        0.00000        0.00551        0.00000        0.00000        0.00000
        0.02934        0.00000        0.00000        0.00000       -0.45306        0.89071        0.00000        0.00000       -0.01339        0.00000        0.00000        0.00000        0.00000        0.00000        0.00000        0.00000        0.00000       -0.01067        0.00000        0.01494        0.00000        0.00000        0.00000        0.00000       -0.00132        0.00000        0.00000        0.00000
        0.99931        0.00000        0.00000        0.00000        0.00243       -0.03142        0.00000        0.00000        0.00990        0.00000        0.00000        0.00000        0.00000        0.00000        0.00000        0.00000        0.00000        0.01581        0.00000        0.00516        0.00000        0.00000        0.00000        0.00000        0.00322        0.00000        0.00000        0.00000
       -0.00638        0.00000        0.00000        0.00000        0.03716        0.03123        0.00000        0.00000        0.98201        0.00000        0.00000        0.00000        0.00000        0.00000        0.00000        0.00000        0.00000       -0.17472        0.00000        0.03594        0.00000        0.00000        0.00000        0.00000        0.03807        0.00000        0.00000        0.00000
       -0.00428        0.00000        0.00000        0.00000       -0.00639        0.00032        0.00000        0.00000       -0.01807        0.00000        0.00000        0.00000        0.00000        0.00000        0.00000        0.00000        0.00000        0.10128        0.00000       -0.06011        0.00000        0.00000        0.00000        0.00000        0.99285        0.00000        0.00000        0.00000

 vl. vektory A
        0.00000        0.06311        0.01143        0.00000        0.00000       -0.00827        0.00000       -0.00386        0.06229        0.00000       -0.02282        0.00000        0.00000       -0.93484        0.33950        0.00000        0.00000        0.04063       -0.02368        0.00000
        0.00000       -0.01027       -0.02231        0.00000        0.00000       -0.99232        0.00000        0.10755        0.04908        0.00000        0.00681        0.00000        0.00000        0.01015        0.00195        0.00000        0.00000       -0.02393       -0.00021        0.00000
        0.00000       -0.02875       -0.00691        0.00000        0.00000        0.04632        0.00000       -0.03294        0.99331        0.00000       -0.07224        0.00000        0.00000        0.06223       -0.00843        0.00000        0.00000       -0.00777        0.00081        0.00000
        0.00000        0.99730       -0.00151        0.00000        0.00000       -0.00648        0.00000        0.01456        0.02599        0.00000        0.00447        0.00000        0.00000        0.05727       -0.02995        0.00000        0.00000       -0.01586        0.00355        0.00000
        0.00000       -0.01279       -0.00012        0.00000        0.00000        0.02350        0.00000        0.00094       -0.00669        0.00000        0.00196        0.00000        0.00000       -0.03392        0.03837        0.00000        0.00000       -0.99002        0.12831        0.00000
        0.00000        0.00875        0.07436        0.00000        0.00000        0.00452        0.00000        0.01078       -0.00644        0.00000        0.08028        0.00000        0.00000        0.33973        0.93243        0.00000        0.00000        0.01808       -0.05107        0.00000
        0.00000       -0.01462       -0.01207        0.00000        0.00000        0.10955        0.00000        0.99122        0.03200        0.00000        0.05771        0.00000        0.00000       -0.00974       -0.01098        0.00000        0.00000        0.00646        0.02256        0.00000
        0.00000        0.00488        0.03424        0.00000        0.00000       -0.00381        0.00000        0.06231       -0.07170        0.00000       -0.99174        0.00000        0.00000        0.04372        0.06508        0.00000        0.00000       -0.00158       -0.00794        0.00000
        0.00000        0.00063       -0.99615        0.00000        0.00000        0.02076        0.00000       -0.01103       -0.01064        0.00000       -0.02864        0.00000        0.00000        0.01551        0.07524        0.00000        0.00000        0.00075       -0.01728        0.00000
        0.00000        0.00045       -0.01271        0.00000        0.00000       -0.00541        0.00000       -0.02195       -0.00036        0.00000       -0.00638        0.00000        0.00000        0.00015        0.05346        0.00000        0.00000        0.13017        0.98969        0.00000
        0.00000        0.00000        0.00000        0.00000       -0.05619        0.00000        0.00000        0.00000        0.00000        0.00932        0.00000        0.08352        0.00000        0.00000        0.00000        0.99427        0.00000        0.00000        0.00000       -0.03488
        0.00000        0.00000        0.00000        0.00000        0.00650        0.00000        0.00000        0.00000        0.00000       -0.99897        0.00000       -0.03540        0.00000        0.00000        0.00000        0.01182        0.00000        0.00000        0.00000       -0.02508
        0.00000        0.00000        0.00000        0.00000       -0.02576        0.00000        0.00000        0.00000        0.00000        0.03631        0.00000       -0.99563        0.00000        0.00000        0.00000        0.08151        0.00000        0.00000        0.00000       -0.00938
        0.00000        0.00000        0.00000        0.00000        0.99798        0.00000        0.00000        0.00000        0.00000        0.00828        0.00000       -0.02067        0.00000        0.00000        0.00000        0.05753        0.00000        0.00000        0.00000       -0.01492
        0.00000        0.00000        0.00000        0.00000        0.01287        0.00000        0.00000        0.00000        0.00000       -0.02429        0.00000       -0.00763        0.00000        0.00000        0.00000        0.03663        0.00000        0.00000        0.00000        0.99892
       -0.06508        0.00000        0.00000        0.01424        0.00000        0.00000        0.10048        0.00000        0.00000        0.00000        0.00000        0.00000        0.99225        0.00000        0.00000        0.00000       -0.03006        0.00000        0.00000        0.00000
        0.00450        0.00000        0.00000       -0.99857        0.00000        0.00000       -0.04290        0.00000        0.00000        0.00000        0.00000        0.00000        0.01819        0.00000        0.00000        0.00000       -0.02600        0.00000        0.00000        0.00000
        0.03061        0.00000        0.00000       -0.04457        0.00000        0.00000        0.99370        0.00000        0.00000        0.00000        0.00000        0.00000       -0.09770        0.00000        0.00000        0.00000        0.00925        0.00000        0.00000        0.00000
       -0.99732        0.00000        0.00000       -0.00713        0.00000        0.00000        0.02365        0.00000        0.00000        0.00000        0.00000        0.00000       -0.06724        0.00000        0.00000        0.00000        0.01519        0.00000        0.00000        0.00000
        0.01304        0.00000        0.00000       -0.02504        0.00000        0.00000       -0.00766        0.00000        0.00000        0.00000        0.00000        0.00000        0.03226        0.00000        0.00000        0.00000        0.99905        0.00000        0.00000        0.00000

 vl. vektory A
        0.00000       -0.00171       -0.03786        0.00000        0.00000       -0.99915        0.01621        0.00000
        0.00000       -0.97003       -0.24120        0.00000        0.00000        0.01035       -0.02735        0.00000
        0.00000       -0.02318       -0.01937        0.00000        0.00000        0.01699        0.99940        0.00000
        0.00000        0.24185       -0.96954        0.00000        0.00000        0.03610       -0.01379        0.00000
        0.00000        0.00000        0.00000       -0.03824        0.00000        0.00000        0.00000       -0.99927
        0.00000        0.00000        0.00000       -0.99927        0.00000        0.00000        0.00000        0.03824
       -0.04784        0.00000        0.00000        0.00000       -0.99886        0.00000        0.00000        0.00000
       -0.99886        0.00000        0.00000        0.00000        0.04784        0.00000        0.00000        0.00000

 vl. vektory A
        0.00000       -0.99063       -0.13654        0.00000
        0.00000       -0.13654        0.99063        0.00000
        0.00000        0.00000        0.00000        1.00000
        1.00000        0.00000        0.00000        0.00000
