 
 ________________________________________
 
 i     Parity    J        energy       Tz
    1   -1    0   5.55856   1
 
 -  p(h)^-1 -
10 5        0.99905
12 3       -0.02159
14 1        0.03798
 
 ________________________________________
 
 i     Parity    J        energy       Tz
    2   -1    0   7.96513   0
 
 -  p(h)^-1 -
 9 5        0.99852
11 3        0.01785
13 1        0.00802
10 6       -0.03939
12 4        0.00134
14 2        0.03184
 
 ________________________________________
 
 i     Parity    J        energy       Tz
    3   -1    0   8.64743   0
 
 -  p(h)^-1 -
 9 5       -0.03971
11 3       -0.00552
13 1        0.03298
10 6       -0.99838
12 4        0.02300
14 2        0.00415
 
 ________________________________________
 
 i     Parity    J        energy       Tz
    4   -1    0  11.41928  -1
 
 -  p(h)^-1 -
 9 6        0.99906
11 4        0.02136
13 2       -0.03770
 
 ________________________________________
 
 i     Parity    J        energy       Tz
    5   -1    0  18.57033   0
 
 -  p(h)^-1 -
 9 5       -0.01513
11 3        0.82342
13 1       -0.01761
10 6       -0.01749
12 4       -0.56634
14 2        0.01959
 
 ________________________________________
 
 i     Parity    J        energy       Tz
    6   -1    0  18.95928   1
 
 -  p(h)^-1 -
10 5        0.02191
12 3        0.99973
14 1       -0.00805
 
 ________________________________________
 
 i     Parity    J        energy       Tz
    7   -1    0  21.64044   0
 
 -  p(h)^-1 -
 9 5       -0.01070
11 3        0.56676
13 1        0.00830
10 6        0.01655
12 4        0.82360
14 2        0.00163
 
 ________________________________________
 
 i     Parity    J        energy       Tz
    8   -1    0  24.69989  -1
 
 -  p(h)^-1 -
 9 6       -0.02156
11 4        0.99976
13 2       -0.00481
 
 ________________________________________
 
 i     Parity    J        energy       Tz
    9   -1    0  36.59201   1
 
 -  p(h)^-1 -
10 5       -0.03780
12 3        0.00887
14 1        0.99925
 
 ________________________________________
 
 i     Parity    J        energy       Tz
   10   -1    0  38.62196   0
 
 -  p(h)^-1 -
 9 5       -0.00783
11 3        0.00931
13 1        0.99878
10 6        0.03298
12 4       -0.01729
14 2        0.03013
 
 ________________________________________
 
 i     Parity    J        energy       Tz
   11   -1    0  39.97609   0
 
 -  p(h)^-1 -
 9 5        0.03112
11 3        0.01790
13 1        0.03019
10 6       -0.00472
12 4       -0.01014
14 2       -0.99884
 
 ________________________________________
 
 i     Parity    J        energy       Tz
   12   -1    0  42.37914  -1
 
 -  p(h)^-1 -
 9 6        0.03758
11 4        0.00562
13 2        0.99928
 
 ________________________________________
 
 i     Parity    J        energy       Tz
   13   -1    1   2.66279   0
 
 -  p(h)^-1 -
 7 3        0.48425
 9 3       -0.21511
 9 5        0.20978
11 3       -0.13794
11 5       -0.39092
13 1       -0.02956
15 1       -0.00326
19 3       -0.09256
 8 4       -0.48303
10 4       -0.21525
10 6        0.20074
12 4        0.13998
12 6        0.38418
14 2        0.02651
16 2        0.00185
20 4        0.07803
 
 ________________________________________
 
 i     Parity    J        energy       Tz
   14   -1    1   5.90424   1
 
 -  p(h)^-1 -
 8 3       -0.09522
10 3       -0.05014
10 5       -0.99284
12 3        0.00198
12 5       -0.04953
14 1       -0.00525
16 1       -0.00186
20 3        0.01380
 
 ________________________________________
 
 i     Parity    J        energy       Tz
   15   -1    1   7.59301   0
 
 -  p(h)^-1 -
 7 3       -0.20342
 9 3       -0.08722
 9 5        0.81762
11 3        0.00947
11 5        0.13631
13 1        0.01175
15 1        0.01992
19 3        0.04728
 8 4        0.18014
10 4       -0.09615
10 6        0.44691
12 4       -0.01054
12 6       -0.13283
14 2       -0.00997
16 2       -0.01820
20 4       -0.03828
 
 ________________________________________
 
 i     Parity    J        energy       Tz
   16   -1    1   8.75921   0
 
 -  p(h)^-1 -
 7 3        0.00945
 9 3       -0.07705
 9 5       -0.50811
11 3       -0.00199
11 5        0.07024
13 1        0.00008
15 1        0.00380
19 3        0.00071
 8 4        0.11040
10 4       -0.00419
10 6        0.84740
12 4       -0.00271
12 6       -0.00743
14 2       -0.00619
16 2       -0.00714
20 4       -0.02004
 
 ________________________________________
 
 i     Parity    J        energy       Tz
   17   -1    1  10.65185   1
 
 -  p(h)^-1 -
 8 3        0.14093
10 3        0.07130
10 5       -0.06637
12 3       -0.10026
12 5        0.97986
14 1        0.02064
16 1       -0.00452
20 3       -0.00480
 
 ________________________________________
 
 i     Parity    J        energy       Tz
   18   -1    1  11.77236  -1
 
 -  p(h)^-1 -
 7 4       -0.07813
 9 4        0.04646
 9 6        0.99481
11 4        0.00426
11 6       -0.04260
13 2       -0.00535
15 2       -0.00236
19 4        0.01506
 
 ________________________________________
 
 i     Parity    J        energy       Tz
   19   -1    1  13.20737   0
 
 -  p(h)^-1 -
 7 3        0.20472
 9 3       -0.04948
 9 5        0.03072
11 3       -0.09854
11 5        0.81624
13 1       -0.01983
15 1       -0.00067
19 3       -0.01810
 8 4       -0.01278
10 4        0.03111
10 6       -0.04977
12 4       -0.02655
12 6        0.52302
14 2       -0.00840
16 2        0.00616
20 4        0.00661
 
 ________________________________________
 
 i     Parity    J        energy       Tz
   20   -1    1  14.21589   1
 
 -  p(h)^-1 -
 8 3        0.32368
10 3       -0.94466
10 5        0.01608
12 3       -0.03309
12 5        0.02016
14 1       -0.00704
16 1       -0.00741
20 3        0.03136
 
 ________________________________________
 
 i     Parity    J        energy       Tz
   21   -1    1  14.94935   0
 
 -  p(h)^-1 -
 7 3       -0.38821
 9 3       -0.13324
 9 5       -0.01989
11 3        0.13303
11 5       -0.34406
13 1        0.01427
15 1        0.01414
19 3        0.02644
 8 4        0.40646
10 4       -0.04507
10 6       -0.03943
12 4       -0.16472
12 6        0.70466
14 2       -0.02256
16 2       -0.01270
20 4       -0.02844
 
 ________________________________________
 
 i     Parity    J        energy       Tz
   22   -1    1  15.50023   1
 
 -  p(h)^-1 -
 8 3        0.91568
10 3        0.31566
10 5       -0.09354
12 3       -0.05938
12 5       -0.16666
14 1        0.00738
16 1       -0.02958
20 3        0.14463
 
 ________________________________________
 
 i     Parity    J        energy       Tz
   23   -1    1  15.98137   0
 
 -  p(h)^-1 -
 7 3        0.11402
 9 3        0.85902
 9 5        0.12787
11 3       -0.07774
11 5       -0.13174
13 1       -0.01383
15 1        0.00166
19 3        0.00372
 8 4        0.01221
10 4        0.36252
10 6        0.16668
12 4        0.04972
12 6        0.21699
14 2        0.01408
16 2        0.00095
20 4        0.00301
 
 ________________________________________
 
 i     Parity    J        energy       Tz
   24   -1    1  16.26691  -1
 
 -  p(h)^-1 -
 7 4        0.11706
 9 4       -0.05467
 9 6        0.05455
11 4       -0.08350
11 6        0.98635
13 2        0.01988
15 2       -0.00409
19 4       -0.00767
 
 ________________________________________
 
 i     Parity    J        energy       Tz
   25   -1    1  17.22521   0
 
 -  p(h)^-1 -
 7 3       -0.16051
 9 3       -0.38240
 9 5        0.06469
11 3       -0.03337
11 5       -0.04480
13 1       -0.01137
15 1       -0.00542
19 3       -0.02302
 8 4       -0.24003
10 4        0.86948
10 6        0.04509
12 4        0.05292
12 6        0.03493
14 2        0.00152
16 2       -0.00394
20 4       -0.01797
 
 ________________________________________
 
 i     Parity    J        energy       Tz
   26   -1    1  18.17773   1
 
 -  p(h)^-1 -
 8 3       -0.07372
10 3        0.00621
10 5        0.00874
12 3       -0.99146
12 5       -0.09027
14 1       -0.02844
16 1        0.01494
20 3       -0.04777
 
 ________________________________________
 
 i     Parity    J        energy       Tz
   27   -1    1  18.50499   0
 
 -  p(h)^-1 -
 7 3        0.66311
 9 3       -0.18236
 9 5        0.06184
11 3       -0.01013
11 5       -0.11981
13 1       -0.00021
15 1        0.02507
19 3        0.13537
 8 4        0.64439
10 4        0.22461
10 6       -0.05882
12 4       -0.04889
12 6       -0.09785
14 2       -0.00752
16 2        0.01947
20 4        0.09078
 
 ________________________________________
 
 i     Parity    J        energy       Tz
   28   -1    1  20.20133  -1
 
 -  p(h)^-1 -
 7 4        0.25110
 9 4        0.96691
 9 6       -0.02474
11 4       -0.01491
11 6        0.02420
13 2       -0.00697
15 2       -0.00452
19 4        0.02336
 
 ________________________________________
 
 i     Parity    J        energy       Tz
   29   -1    1  20.66594   0
 
 -  p(h)^-1 -
 7 3       -0.09798
 9 3       -0.02220
 9 5       -0.02056
11 3       -0.88382
11 5       -0.06288
13 1        0.01922
15 1       -0.01018
19 3       -0.04917
 8 4        0.04670
10 4       -0.02183
10 6       -0.01808
12 4       -0.44196
12 6       -0.05325
14 2        0.01732
16 2       -0.00677
20 4       -0.00206
 
 ________________________________________
 
 i     Parity    J        energy       Tz
   30   -1    1  21.63859  -1
 
 -  p(h)^-1 -
 7 4        0.94058
 9 4       -0.24398
 9 6        0.07732
11 4       -0.06727
11 6       -0.13412
13 2        0.00686
15 2       -0.03028
19 4        0.16225
 
 ________________________________________
 
 i     Parity    J        energy       Tz
   31   -1    1  22.52827   0
 
 -  p(h)^-1 -
 7 3        0.16993
 9 3        0.03802
 9 5        0.04237
11 3        0.38399
11 5       -0.00138
13 1        0.01147
15 1        0.00436
19 3        0.12454
 8 4       -0.24868
10 4        0.04176
10 6        0.05432
12 4       -0.84869
12 6       -0.03080
14 2        0.00218
16 2       -0.01312
20 4       -0.12976
 
 ________________________________________
 
 i     Parity    J        energy       Tz
   32   -1    1  23.89101  -1
 
 -  p(h)^-1 -
 7 4       -0.07102
 9 4        0.00592
 9 6       -0.00420
11 4       -0.99306
11 6       -0.07486
13 2       -0.02635
15 2        0.01362
19 4       -0.04736
 
 ________________________________________
 
 i     Parity    J        energy       Tz
   33   -1    1  25.23068   1
 
 -  p(h)^-1 -
 8 3       -0.14326
10 3       -0.01458
10 5        0.02676
12 3       -0.03754
12 5        0.02503
14 1       -0.01047
16 1        0.07434
20 3        0.98533
 
 ________________________________________
 
 i     Parity    J        energy       Tz
   34   -1    1  26.29710   0
 
 -  p(h)^-1 -
 7 3        0.00284
 9 3        0.01399
 9 5        0.03107
11 3        0.12969
11 5        0.01968
13 1       -0.04483
15 1        0.02444
19 3       -0.88177
 8 4        0.10169
10 4        0.03365
10 6        0.01503
12 4       -0.15534
12 6       -0.05064
14 2        0.03773
16 2        0.01037
20 4        0.40196
 
 ________________________________________
 
 i     Parity    J        energy       Tz
   35   -1    1  28.18278   0
 
 -  p(h)^-1 -
 7 3       -0.11240
 9 3        0.01568
 9 5       -0.00869
11 3        0.01431
11 5        0.02719
13 1       -0.01687
15 1       -0.05295
19 3        0.41158
 8 4       -0.08271
10 4       -0.00318
10 6        0.02665
12 4       -0.06616
12 6        0.00684
14 2        0.02528
16 2       -0.05017
20 4        0.89358
 
 ________________________________________
 
 i     Parity    J        energy       Tz
   36   -1    1  30.86891  -1
 
 -  p(h)^-1 -
 7 4       -0.15934
 9 4        0.01603
 9 6       -0.02672
11 4       -0.03588
11 6        0.02643
13 2       -0.01076
15 2        0.07829
19 4        0.98255
 
 ________________________________________
 
 i     Parity    J        energy       Tz
   37   -1    1  37.46664   1
 
 -  p(h)^-1 -
 8 3       -0.02421
10 3       -0.01129
10 5       -0.00017
12 3       -0.02981
12 5       -0.02002
14 1        0.94738
16 1       -0.31559
20 3        0.02957
 
 ________________________________________
 
 i     Parity    J        energy       Tz
   38   -1    1  38.02872   0
 
 -  p(h)^-1 -
 7 3       -0.02503
 9 3       -0.01032
 9 5        0.00866
11 3        0.00788
11 5       -0.00398
13 1       -0.71229
15 1       -0.48174
19 3        0.02916
 8 4        0.03827
10 4       -0.01014
10 6        0.00626
12 4       -0.01640
12 6       -0.00582
14 2        0.40101
16 2        0.30591
20 4       -0.05033
 
 ________________________________________
 
 i     Parity    J        energy       Tz
   39   -1    1  38.10629   1
 
 -  p(h)^-1 -
 8 3        0.03603
10 3       -0.00001
10 5       -0.00737
12 3        0.00607
12 5       -0.00770
14 1        0.31780
16 1        0.94536
20 3       -0.06208
 
 ________________________________________
 
 i     Parity    J        energy       Tz
   40   -1    1  39.87443   0
 
 -  p(h)^-1 -
 7 3       -0.02309
 9 3        0.00455
 9 5       -0.01077
11 3       -0.02176
11 5       -0.00594
13 1       -0.62405
15 1        0.70646
19 3        0.04322
 8 4       -0.02150
10 4       -0.00822
10 6       -0.00713
12 4       -0.01212
12 6       -0.01355
14 2       -0.31835
16 2        0.07640
20 4        0.01832
 
 ________________________________________
 
 i     Parity    J        energy       Tz
   41   -1    1  40.80006   0
 
 -  p(h)^-1 -
 7 3        0.02214
 9 3        0.00670
 9 5        0.00710
11 3       -0.00696
11 5       -0.01225
13 1       -0.23224
15 1       -0.50518
19 3       -0.04160
 8 4        0.00513
10 4        0.00015
10 6       -0.00147
12 4       -0.00626
12 6       -0.00985
14 2       -0.75512
16 2       -0.34333
20 4       -0.00972
 
 ________________________________________
 
 i     Parity    J        energy       Tz
   42   -1    1  41.59441   0
 
 -  p(h)^-1 -
 7 3       -0.01297
 9 3        0.00476
 9 5        0.01091
11 3       -0.00211
11 5       -0.00593
13 1        0.21108
15 1       -0.09393
19 3        0.00379
 8 4       -0.02238
10 4        0.00026
10 6        0.01663
12 4       -0.01510
12 6        0.00445
14 2       -0.40446
16 2        0.88254
20 4        0.05255
 
 ________________________________________
 
 i     Parity    J        energy       Tz
   43   -1    1  43.21383  -1
 
 -  p(h)^-1 -
 7 4       -0.02721
 9 4        0.01104
 9 6        0.00015
11 4       -0.02805
11 6       -0.01841
13 2        0.91939
15 2       -0.38914
19 4        0.03595
 
 ________________________________________
 
 i     Parity    J        energy       Tz
   44   -1    1  43.72028  -1
 
 -  p(h)^-1 -
 7 4        0.03571
 9 4       -0.00019
 9 6        0.00764
11 4        0.00326
11 6       -0.00897
13 2        0.39164
15 2        0.91722
19 4       -0.06243
 
 ________________________________________
 
 i     Parity    J        energy       Tz
   45   -1    2   6.36310   1
 
 -  p(h)^-1 -
 8 3       -0.12454
 8 5        0.98715
10 3       -0.01354
12 3       -0.03733
12 5       -0.06075
16 1       -0.01762
20 3        0.02278
20 5        0.06268
 
 ________________________________________
 
 i     Parity    J        energy       Tz
   46   -1    2   8.59442   0
 
 -  p(h)^-1 -
 7 3        0.11515
 7 5       -0.86367
 9 3       -0.04538
11 3        0.03008
11 5       -0.13752
15 1       -0.01235
19 3       -0.02615
19 5       -0.01892
 8 4       -0.07194
 8 6        0.43601
10 4       -0.04029
12 4       -0.01667
12 6        0.14258
16 2        0.00471
20 4        0.01412
20 6       -0.00310
 
 ________________________________________
 
 i     Parity    J        energy       Tz
   47   -1    2   9.30991   0
 
 -  p(h)^-1 -
 7 3       -0.04069
 7 5        0.46195
 9 3       -0.00981
11 3       -0.01623
11 5       -0.10480
15 1        0.00879
19 3        0.00918
19 5        0.04148
 8 4       -0.11376
 8 6        0.86861
10 4       -0.02234
12 4       -0.03233
12 6        0.01284
16 2        0.01481
20 4        0.02170
20 6        0.04351
 
 ________________________________________
 
 i     Parity    J        energy       Tz
   48   -1    2  10.07605   1
 
 -  p(h)^-1 -
 8 3        0.04444
 8 5        0.06578
10 3       -0.07842
12 3       -0.00478
12 5        0.99368
16 1        0.00695
20 3       -0.00867
20 5        0.00079
 
 ________________________________________
 
 i     Parity    J        energy       Tz
   49   -1    2  12.42357   0
 
 -  p(h)^-1 -
 7 3       -0.04741
 7 5       -0.05681
 9 3        0.03061
11 3        0.01164
11 5        0.96070
15 1       -0.00510
19 3       -0.00067
19 5       -0.02526
 8 4        0.08638
 8 6        0.15154
10 4       -0.04233
12 4       -0.01926
12 6        0.19152
16 2       -0.00209
20 4       -0.00843
20 6        0.02219
 
 ________________________________________
 
 i     Parity    J        energy       Tz
   50   -1    2  12.55349  -1
 
 -  p(h)^-1 -
 7 4       -0.11424
 7 6        0.98730
 9 4        0.00920
11 4       -0.03544
11 6       -0.06796
15 2       -0.01736
19 4        0.02541
19 6        0.07272
 
 ________________________________________
 
 i     Parity    J        energy       Tz
   51   -1    2  13.14818   1
 
 -  p(h)^-1 -
 8 3       -0.53318
 8 5       -0.04535
10 3        0.83718
12 3        0.02931
12 5        0.09305
16 1       -0.01038
20 3       -0.01390
20 5       -0.05450
 
 ________________________________________
 
 i     Parity    J        energy       Tz
   52   -1    2  13.30977   0
 
 -  p(h)^-1 -
 7 3        0.20606
 7 5        0.14982
 9 3        0.07166
11 3       -0.03508
11 5       -0.13661
15 1       -0.00131
19 3       -0.01565
19 5        0.05527
 8 4       -0.12927
 8 6       -0.11672
10 4       -0.01075
12 4        0.02925
12 6        0.93472
16 2       -0.00484
20 4        0.00499
20 6       -0.04127
 
 ________________________________________
 
 i     Parity    J        energy       Tz
   53   -1    2  14.11277   1
 
 -  p(h)^-1 -
 8 3       -0.82002
 8 5       -0.09801
10 3       -0.53930
12 3        0.09510
12 5        0.00044
16 1        0.02040
20 3       -0.06552
20 5       -0.11563
 
 ________________________________________
 
 i     Parity    J        energy       Tz
   54   -1    2  15.30382   0
 
 -  p(h)^-1 -
 7 3       -0.70842
 7 5       -0.02916
 9 3       -0.47492
11 3        0.08847
11 5       -0.11806
15 1        0.00833
19 3        0.01309
19 5       -0.03803
 8 4        0.41144
 8 6        0.01080
10 4       -0.11954
12 4       -0.06417
12 6        0.24515
16 2       -0.00474
20 4       -0.01662
20 6        0.00915
 
 ________________________________________
 
 i     Parity    J        energy       Tz
   55   -1    2  15.75305  -1
 
 -  p(h)^-1 -
 7 4        0.03180
 7 6        0.07145
 9 4        0.05797
11 4       -0.00199
11 6        0.99519
15 2        0.00533
19 4       -0.00753
19 6        0.00556
 
 ________________________________________
 
 i     Parity    J        energy       Tz
   56   -1    2  16.02795   0
 
 -  p(h)^-1 -
 7 3       -0.06435
 7 5       -0.01548
 9 3        0.68978
11 3        0.01370
11 5       -0.10574
15 1       -0.01171
19 3        0.00009
19 5       -0.01341
 8 4        0.47993
 8 6        0.04700
10 4       -0.52137
12 4       -0.03144
12 6        0.01895
16 2       -0.00886
20 4       -0.00069
20 6        0.04838
 
 ________________________________________
 
 i     Parity    J        energy       Tz
   57   -1    2  16.77661   0
 
 -  p(h)^-1 -
 7 3        0.63694
 7 5        0.08056
 9 3       -0.47365
11 3       -0.00987
11 5        0.00164
15 1        0.01513
19 3        0.05092
19 5        0.16243
 8 4        0.52155
 8 6        0.03118
10 4       -0.22381
12 4       -0.08500
12 6       -0.04858
16 2        0.00224
20 4        0.02477
20 6        0.02967
 
 ________________________________________
 
 i     Parity    J        energy       Tz
   58   -1    2  17.04556   1
 
 -  p(h)^-1 -
 8 3       -0.08637
 8 5       -0.05904
10 3       -0.00727
12 3        0.28820
12 5        0.00745
16 1        0.02589
20 3       -0.02301
20 5        0.95115
 
 ________________________________________
 
 i     Parity    J        energy       Tz
   59   -1    2  17.49925   0
 
 -  p(h)^-1 -
 7 3       -0.04344
 7 5        0.02158
 9 3       -0.22000
11 3        0.10999
11 5        0.04977
15 1       -0.00073
19 3       -0.01085
19 5        0.10759
 8 4       -0.51238
 8 6       -0.09134
10 4       -0.79088
12 4       -0.00859
12 6       -0.06934
16 2       -0.01780
20 4       -0.04004
20 6       -0.14071
 
 ________________________________________
 
 i     Parity    J        energy       Tz
   60   -1    2  18.32575   1
 
 -  p(h)^-1 -
 8 3        0.11608
 8 5        0.06587
10 3        0.02756
12 3        0.95005
12 5       -0.00178
16 1       -0.03182
20 3        0.06826
20 5       -0.27049
 
 ________________________________________
 
 i     Parity    J        energy       Tz
   61   -1    2  18.93737   0
 
 -  p(h)^-1 -
 7 3       -0.11129
 7 5       -0.04762
 9 3        0.10710
11 3        0.25854
11 5        0.02038
15 1       -0.02682
19 3       -0.02950
19 5        0.93609
 8 4        0.01668
 8 6       -0.00706
10 4        0.14510
12 4       -0.03527
12 6       -0.01841
16 2        0.00361
20 4        0.00650
20 6       -0.07573
 
 ________________________________________
 
 i     Parity    J        energy       Tz
   62   -1    2  19.28639  -1
 
 -  p(h)^-1 -
 7 4        0.39260
 7 6        0.02781
 9 4        0.91494
11 4       -0.01495
11 6       -0.06820
15 2        0.01331
19 4        0.00504
19 6        0.05384
 
 ________________________________________
 
 i     Parity    J        energy       Tz
   63   -1    2  20.05424   0
 
 -  p(h)^-1 -
 7 3       -0.05450
 7 5       -0.03687
 9 3       -0.06012
11 3       -0.33284
11 5        0.00004
15 1       -0.01009
19 3       -0.01831
19 5        0.18768
 8 4       -0.07646
 8 6       -0.03987
10 4       -0.10046
12 4        0.33913
12 6        0.00855
16 2       -0.02440
20 4       -0.02326
20 6        0.84372
 
 ________________________________________
 
 i     Parity    J        energy       Tz
   64   -1    2  20.14822   0
 
 -  p(h)^-1 -
 7 3        0.09529
 7 5        0.04132
 9 3        0.01825
11 3        0.86600
11 5       -0.01587
15 1        0.01947
19 3        0.04439
19 5       -0.19899
 8 4       -0.04928
 8 6       -0.02424
10 4        0.04033
12 4       -0.08507
12 6        0.02591
16 2       -0.01044
20 4       -0.00929
20 6        0.42892
 
 ________________________________________
 
 i     Parity    J        energy       Tz
   65   -1    2  20.29758  -1
 
 -  p(h)^-1 -
 7 4       -0.88739
 7 6       -0.08662
 9 4        0.39680
11 4        0.08892
11 6        0.01204
15 2        0.01602
19 4       -0.07130
19 6       -0.18492
 
 ________________________________________
 
 i     Parity    J        energy       Tz
   66   -1    2  21.37731   0
 
 -  p(h)^-1 -
 7 3       -0.02251
 7 5       -0.01465
 9 3        0.02978
11 3       -0.21824
11 5       -0.00692
15 1       -0.01069
19 3       -0.02480
19 5        0.03931
 8 4       -0.11058
 8 6       -0.05956
10 4        0.01160
12 4       -0.92702
12 6        0.01127
16 2       -0.02628
20 4       -0.05496
20 6        0.26329
 
 ________________________________________
 
 i     Parity    J        energy       Tz
   67   -1    2  22.50494  -1
 
 -  p(h)^-1 -
 7 4       -0.15521
 7 6       -0.07771
 9 4        0.01698
11 4        0.24406
11 6        0.00426
15 2        0.02994
19 4       -0.03843
19 6        0.95269
 
 ________________________________________
 
 i     Parity    J        energy       Tz
   68   -1    2  24.07362  -1
 
 -  p(h)^-1 -
 7 4        0.11877
 7 6        0.06209
 9 4       -0.02447
11 4        0.96335
11 6       -0.00299
15 2       -0.02861
19 4        0.07053
19 6       -0.21818
 
 ________________________________________
 
 i     Parity    J        energy       Tz
   69   -1    2  24.72688   1
 
 -  p(h)^-1 -
 8 3       -0.06760
 8 5       -0.03420
10 3       -0.02549
12 3       -0.05027
12 5        0.01141
16 1        0.03969
20 3        0.99423
20 5        0.02966
 
 ________________________________________
 
 i     Parity    J        energy       Tz
   70   -1    2  26.37662   0
 
 -  p(h)^-1 -
 7 3       -0.01968
 7 5       -0.03110
 9 3        0.02974
11 3       -0.03919
11 5       -0.00330
15 1       -0.02692
19 3        0.97947
19 5        0.03361
 8 4       -0.03567
 8 6        0.00352
10 4        0.00975
12 4       -0.00074
12 6        0.01566
16 2       -0.00222
20 4       -0.18243
20 6       -0.00937
 
 ________________________________________
 
 i     Parity    J        energy       Tz
   71   -1    2  27.80625   0
 
 -  p(h)^-1 -
 7 3       -0.03648
 7 5       -0.00723
 9 3        0.00121
11 3       -0.01425
11 5        0.01178
15 1       -0.01434
19 3        0.17959
19 5        0.00303
 8 4       -0.03680
 8 6       -0.03120
10 4       -0.02821
12 4       -0.04282
12 6        0.00107
16 2       -0.03079
20 4        0.97929
20 6        0.02999
 
 ________________________________________
 
 i     Parity    J        energy       Tz
   72   -1    2  30.29592  -1
 
 -  p(h)^-1 -
 7 4       -0.07630
 7 6       -0.03762
 9 4        0.02566
11 4       -0.05085
11 6        0.01063
15 2        0.04209
19 4        0.99315
19 6        0.03576
 
 ________________________________________
 
 i     Parity    J        energy       Tz
   73   -1    2  37.55366   1
 
 -  p(h)^-1 -
 8 3        0.01734
 8 5        0.02350
10 3        0.02212
12 3        0.02255
12 5       -0.00774
16 1        0.99793
20 3       -0.03511
20 5       -0.03158
 
 ________________________________________
 
 i     Parity    J        energy       Tz
   74   -1    2  39.56517   0
 
 -  p(h)^-1 -
 7 3        0.00984
 7 5        0.01971
 9 3       -0.02191
11 3        0.01693
11 5       -0.00475
15 1       -0.99637
19 3       -0.02596
19 5       -0.02943
 8 4        0.00831
 8 6        0.00414
10 4        0.00217
12 4        0.00613
12 6       -0.00269
16 2       -0.06465
20 4       -0.01007
20 6       -0.00269
 
 ________________________________________
 
 i     Parity    J        energy       Tz
   75   -1    2  41.04581   0
 
 -  p(h)^-1 -
 7 3       -0.00625
 7 5       -0.00195
 9 3       -0.00042
11 3       -0.00272
11 5        0.00257
15 1       -0.06558
19 3        0.00518
19 5       -0.00064
 8 4       -0.00856
 8 6       -0.01992
10 4       -0.02141
12 4       -0.01772
12 6        0.00502
16 2        0.99638
20 4        0.02582
20 6        0.03021
 
 ________________________________________
 
 i     Parity    J        energy       Tz
   76   -1    2  43.19123  -1
 
 -  p(h)^-1 -
 7 4        0.01813
 7 6        0.02352
 9 4       -0.02102
11 4        0.02061
11 6       -0.00645
15 2        0.99787
19 4       -0.03715
19 6       -0.03286
 
 ________________________________________
 
 i     Parity    J        energy       Tz
   77   -1    3   6.26273   1
 
 -  p(h)^-1 -
 8 3       -0.13461
 8 5       -0.98929
12 3       -0.00252
18 1       -0.01007
20 3        0.02270
20 5       -0.05065
 
 ________________________________________
 
 i     Parity    J        energy       Tz
   78   -1    3   6.93907   0
 
 -  p(h)^-1 -
 7 3       -0.10181
 7 5        0.73872
11 3        0.11628
17 1       -0.01747
19 3        0.02262
19 5       -0.03673
 8 4        0.10596
 8 6       -0.63392
12 4       -0.11582
18 2       -0.01747
20 4       -0.02056
20 6        0.03175
 
 ________________________________________
 
 i     Parity    J        energy       Tz
   79   -1    3   9.21441   0
 
 -  p(h)^-1 -
 7 3        0.10847
 7 5        0.64963
11 3       -0.01449
17 1        0.00656
19 3       -0.02136
19 5        0.04430
 8 4        0.07624
 8 6        0.74586
12 4        0.01367
18 2       -0.00488
20 4       -0.01345
20 6        0.03203
 
 ________________________________________
 
 i     Parity    J        energy       Tz
   80   -1    3  12.49435  -1
 
 -  p(h)^-1 -
 7 4       -0.12220
 7 6       -0.99020
11 4       -0.00054
17 2        0.00745
19 4        0.02479
19 6       -0.06252
 
 ________________________________________
 
 i     Parity    J        energy       Tz
   81   -1    3  13.29950   1
 
 -  p(h)^-1 -
 8 3        0.97206
 8 5       -0.12425
12 3        0.12976
18 1       -0.00153
20 3        0.03512
20 5       -0.14691
 
 ________________________________________
 
 i     Parity    J        energy       Tz
   82   -1    3  15.38406   0
 
 -  p(h)^-1 -
 7 3       -0.78097
 7 5       -0.10821
11 3        0.19893
17 1       -0.00952
19 3       -0.01234
19 5       -0.13583
 8 4        0.48063
 8 6        0.16831
12 4       -0.20550
18 2       -0.01033
20 4        0.00473
20 6        0.13570
 
 ________________________________________
 
 i     Parity    J        energy       Tz
   83   -1    3  16.33649   0
 
 -  p(h)^-1 -
 7 3       -0.54802
 7 5        0.10773
11 3       -0.17177
17 1        0.00281
19 3       -0.02425
19 5        0.20833
 8 4       -0.77981
 8 6        0.04687
12 4       -0.02613
18 2        0.00299
20 4       -0.02198
20 6        0.05559
 
 ________________________________________
 
 i     Parity    J        energy       Tz
   84   -1    3  17.12135   1
 
 -  p(h)^-1 -
 8 3        0.13234
 8 5       -0.06742
12 3        0.04783
18 1       -0.01058
20 3        0.04823
20 5        0.98652
 
 ________________________________________
 
 i     Parity    J        energy       Tz
   85   -1    3  18.29038   1
 
 -  p(h)^-1 -
 8 3       -0.13209
 8 5        0.01543
12 3        0.98920
18 1        0.01294
20 3       -0.05413
20 5       -0.02640
 
 ________________________________________
 
 i     Parity    J        energy       Tz
   86   -1    3  18.83562   0
 
 -  p(h)^-1 -
 7 3        0.07229
 7 5        0.01472
11 3        0.05377
17 1       -0.00434
19 3        0.02164
19 5       -0.91929
 8 4       -0.28296
 8 6        0.05280
12 4       -0.09332
18 2       -0.01296
20 4       -0.05427
20 6        0.22674
 
 ________________________________________
 
 i     Parity    J        energy       Tz
   87   -1    3  19.63923  -1
 
 -  p(h)^-1 -
 7 4        0.96370
 7 6       -0.10539
11 4        0.13524
17 2       -0.00099
19 4        0.03605
19 6       -0.20147
 
 ________________________________________
 
 i     Parity    J        energy       Tz
   88   -1    3  19.93580   0
 
 -  p(h)^-1 -
 7 3        0.18612
 7 5       -0.07032
11 3        0.48488
17 1       -0.01744
19 3        0.06493
19 5        0.28547
 8 4       -0.11217
 8 6        0.00870
12 4       -0.13252
18 2       -0.01121
20 4       -0.01547
20 6        0.78020
 
 ________________________________________
 
 i     Parity    J        energy       Tz
   89   -1    3  20.34367   0
 
 -  p(h)^-1 -
 7 3        0.01934
 7 5       -0.01965
11 3        0.79281
17 1       -0.00795
19 3       -0.01961
19 5       -0.00207
 8 4       -0.22068
 8 6        0.07654
12 4       -0.10866
18 2       -0.02266
20 4       -0.04303
20 6       -0.54910
 
 ________________________________________
 
 i     Parity    J        energy       Tz
   90   -1    3  21.33900   0
 
 -  p(h)^-1 -
 7 3        0.15964
 7 5       -0.04992
11 3       -0.21863
17 1       -0.02248
19 3        0.07273
19 5        0.08030
 8 4       -0.02563
 8 6        0.03818
12 4       -0.94771
18 2       -0.00850
20 4        0.00542
20 6       -0.10774
 
 ________________________________________
 
 i     Parity    J        energy       Tz
   91   -1    3  22.56581  -1
 
 -  p(h)^-1 -
 7 4       -0.18456
 7 6        0.08295
11 4       -0.05918
17 2       -0.00950
19 4       -0.05591
19 6       -0.97588
 
 ________________________________________
 
 i     Parity    J        energy       Tz
   92   -1    3  24.02028  -1
 
 -  p(h)^-1 -
 7 4       -0.14052
 7 6        0.01706
11 4        0.98774
17 2       -0.01144
19 4       -0.05825
19 6       -0.02842
 
 ________________________________________
 
 i     Parity    J        energy       Tz
   93   -1    3  24.62824   1
 
 -  p(h)^-1 -
 8 3        0.04475
 8 5       -0.03095
12 3       -0.04683
18 1       -0.00759
20 3       -0.99647
20 5        0.04279
 
 ________________________________________
 
 i     Parity    J        energy       Tz
   94   -1    3  26.59521   0
 
 -  p(h)^-1 -
 7 3        0.04340
 7 5       -0.00547
11 3        0.00669
17 1       -0.00849
19 3       -0.99374
19 5       -0.00146
 8 4        0.00196
 8 6       -0.03054
12 4       -0.07765
18 2       -0.00057
20 4        0.01904
20 6        0.05585
 
 ________________________________________
 
 i     Parity    J        energy       Tz
   95   -1    3  27.90627   0
 
 -  p(h)^-1 -
 7 3        0.00303
 7 5       -0.02606
11 3       -0.04307
17 1        0.00025
19 3       -0.01962
19 5        0.04099
 8 4        0.04283
 8 6       -0.00392
12 4        0.00692
18 2        0.00766
20 4       -0.99671
20 6       -0.00194
 
 ________________________________________
 
 i     Parity    J        energy       Tz
   96   -1    3  30.16992  -1
 
 -  p(h)^-1 -
 7 4        0.05043
 7 6       -0.03407
11 4       -0.04952
17 2        0.00657
19 4       -0.99576
19 6        0.04756
 
 ________________________________________
 
 i     Parity    J        energy       Tz
   97   -1    3  40.41143   1
 
 -  p(h)^-1 -
 8 3       -0.00358
 8 5        0.01130
12 3        0.01248
18 1       -0.99978
20 3        0.00607
20 5       -0.01038
 
 ________________________________________
 
 i     Parity    J        energy       Tz
   98   -1    3  42.43001   0
 
 -  p(h)^-1 -
 7 3        0.00082
 7 5       -0.00534
11 3       -0.01568
17 1       -0.99857
19 3        0.00520
19 5        0.00047
 8 4       -0.00257
 8 6        0.01303
12 4        0.03020
18 2       -0.03699
20 4        0.00026
20 6       -0.00977
 
 ________________________________________
 
 i     Parity    J        energy       Tz
   99   -1    3  43.75608   0
 
 -  p(h)^-1 -
 7 3       -0.00283
 7 5        0.01319
11 3        0.02656
17 1       -0.03800
19 3        0.00119
19 5       -0.01084
 8 4       -0.00105
 8 6       -0.00250
12 4       -0.01621
18 2        0.99862
20 4        0.00555
20 6       -0.00005
 
 ________________________________________
 
 i     Parity    J        energy       Tz
  100   -1    3  46.15470  -1
 
 -  p(h)^-1 -
 7 4       -0.00183
 7 6        0.00848
11 4        0.01120
17 2        0.99984
19 4        0.00520
19 6       -0.00965
 
 ________________________________________
 
 i     Parity    J        energy       Tz
  101   -1    4  13.06461   1
 
 -  p(h)^-1 -
 8 3        0.99982
18 1        0.01568
20 3        0.01060
 
 ________________________________________
 
 i     Parity    J        energy       Tz
  102   -1    4  15.91654   0
 
 -  p(h)^-1 -
 7 3        0.89220
17 1        0.01410
19 3        0.01254
 8 4        0.45110
18 2       -0.01037
20 4       -0.00455
 
 ________________________________________
 
 i     Parity    J        energy       Tz
  103   -1    4  16.94538   0
 
 -  p(h)^-1 -
 7 3       -0.45005
17 1        0.00048
19 3       -0.03744
 8 4        0.89141
18 2       -0.00534
20 4        0.03770
 
 ________________________________________
 
 i     Parity    J        energy       Tz
  104   -1    4  19.49121  -1
 
 -  p(h)^-1 -
 7 4        0.99976
17 2       -0.01609
19 4        0.01511
 
 ________________________________________
 
 i     Parity    J        energy       Tz
  105   -1    4  24.30805   1
 
 -  p(h)^-1 -
 8 3       -0.01042
18 1       -0.01168
20 3        0.99988
 
 ________________________________________
 
 i     Parity    J        energy       Tz
  106   -1    4  26.38602   0
 
 -  p(h)^-1 -
 7 3        0.02518
17 1        0.00739
19 3       -0.99188
 8 4       -0.02383
18 2       -0.00590
20 4       -0.12203
 
 ________________________________________
 
 i     Parity    J        energy       Tz
  107   -1    4  27.76652   0
 
 -  p(h)^-1 -
 7 3        0.02441
17 1       -0.00370
19 3       -0.12063
 8 4       -0.03465
18 2        0.00632
20 4        0.99177
 
 ________________________________________
 
 i     Parity    J        energy       Tz
  108   -1    4  29.83563  -1
 
 -  p(h)^-1 -
 7 4        0.01493
17 2       -0.01103
19 4       -0.99983
 
 ________________________________________
 
 i     Parity    J        energy       Tz
  109   -1    4  40.19581   1
 
 -  p(h)^-1 -
 8 3        0.01580
18 1       -0.99981
20 3       -0.01152
 
 ________________________________________
 
 i     Parity    J        energy       Tz
  110   -1    4  42.35576   0
 
 -  p(h)^-1 -
 7 3        0.01283
17 1       -0.99823
19 3       -0.00701
 8 4        0.00727
18 2        0.05690
20 4       -0.00501
 
 ________________________________________
 
 i     Parity    J        energy       Tz
  111   -1    4  43.67528   0
 
 -  p(h)^-1 -
 7 3        0.00612
17 1        0.05712
19 3       -0.00477
 8 4        0.00912
18 2        0.99827
20 4       -0.00656
 
 ________________________________________
 
 i     Parity    J        energy       Tz
  112   -1    4  46.00316  -1
 
 -  p(h)^-1 -
 7 4        0.01625
17 2        0.99981
19 4       -0.01078
 
 ________________________________________
 
 i     Parity    J        energy       Tz
  113    1    0  12.08649   1
 
 -  p(h)^-1 -
10 1       -0.05022
14 5        0.99368
16 3       -0.10043
 
 ________________________________________
 
 i     Parity    J        energy       Tz
  114    1    0  14.36165   0
 
 -  p(h)^-1 -
 9 1       -0.04271
13 5        0.98239
15 3        0.01385
10 2       -0.01029
14 6       -0.13959
16 4        0.11536
 
 ________________________________________
 
 i     Parity    J        energy       Tz
  115    1    0  15.37302   0
 
 -  p(h)^-1 -
 9 1        0.00291
13 5        0.12991
15 3        0.16787
10 2        0.04240
14 6        0.97458
16 4        0.05771
 
 ________________________________________
 
 i     Parity    J        energy       Tz
  116    1    0  17.56878  -1
 
 -  p(h)^-1 -
 9 2        0.04673
13 6        0.99403
15 4       -0.09864
 
 ________________________________________
 
 i     Parity    J        energy       Tz
  117    1    0  20.67118   1
 
 -  p(h)^-1 -
10 1       -0.05469
14 5        0.09767
16 3        0.99371
 
 ________________________________________
 
 i     Parity    J        energy       Tz
  118    1    0  21.80330   0
 
 -  p(h)^-1 -
 9 1        0.07738
13 5       -0.07852
15 3        0.89679
10 2       -0.09841
14 6       -0.16269
16 4        0.38401
 
 ________________________________________
 
 i     Parity    J        energy       Tz
  119    1    0  23.56785   0
 
 -  p(h)^-1 -
 9 1       -0.09138
13 5        0.09297
15 3        0.40077
10 2        0.01630
14 6       -0.02819
16 4       -0.90627
 
 ________________________________________
 
 i     Parity    J        energy       Tz
  120    1    0  26.13723  -1
 
 -  p(h)^-1 -
 9 2        0.04861
13 6        0.09637
15 4        0.99416
 
 ________________________________________
 
 i     Parity    J        energy       Tz
  121    1    0  30.02303   0
 
 -  p(h)^-1 -
 9 1       -0.75133
13 5       -0.04625
15 3        0.07422
10 2        0.64243
14 6       -0.03923
16 4        0.11661
 
 ________________________________________
 
 i     Parity    J        energy       Tz
  122    1    0  32.47189   1
 
 -  p(h)^-1 -
10 1       -0.99724
14 5       -0.05540
16 3       -0.04944
 
 ________________________________________
 
 i     Parity    J        energy       Tz
  123    1    0  35.39472   0
 
 -  p(h)^-1 -
 9 1       -0.64756
13 5       -0.03305
15 3       -0.03567
10 2       -0.75857
14 6        0.04364
16 4        0.03113
 
 ________________________________________
 
 i     Parity    J        energy       Tz
  124    1    0  38.44953  -1
 
 -  p(h)^-1 -
 9 2       -0.99772
13 6        0.05125
15 4        0.04382
 
 ________________________________________
 
 i     Parity    J        energy       Tz
  125    1    1  11.95714   1
 
 -  p(h)^-1 -
10 1        0.00997
12 1        0.01531
14 3        0.03648
14 5       -0.97867
16 3       -0.00238
16 5       -0.20132
 
 ________________________________________
 
 i     Parity    J        energy       Tz
  126    1    1  12.80779   1
 
 -  p(h)^-1 -
10 1        0.04146
12 1       -0.00232
14 3       -0.03609
14 5        0.20020
16 3        0.01558
16 5       -0.97808
 
 ________________________________________
 
 i     Parity    J        energy       Tz
  127    1    1  13.93815   0
 
 -  p(h)^-1 -
 9 1        0.00172
11 1        0.00195
13 3       -0.00134
13 5        0.99358
15 3        0.02991
15 5        0.03724
10 2       -0.00990
12 2       -0.01066
14 4        0.03104
14 6        0.07134
16 4        0.02710
16 6       -0.05923
 
 ________________________________________
 
 i     Parity    J        energy       Tz
  128    1    1  14.50199   0
 
 -  p(h)^-1 -
 9 1       -0.02361
11 1       -0.00943
13 3        0.01882
13 5       -0.00922
15 3       -0.02545
15 5        0.95622
10 2       -0.00824
12 2       -0.01446
14 4        0.00980
14 6       -0.26357
16 4       -0.01339
16 6        0.11781
 
 ________________________________________
 
 i     Parity    J        energy       Tz
  129    1    1  15.03091   0
 
 -  p(h)^-1 -
 9 1       -0.00062
11 1        0.01477
13 3       -0.05511
13 5        0.07155
15 3       -0.01984
15 5       -0.24698
10 2        0.00339
12 2       -0.00034
14 4        0.00145
14 6       -0.95596
16 4       -0.02444
16 6       -0.12557
 
 ________________________________________
 
 i     Parity    J        energy       Tz
  130    1    1  15.76515   0
 
 -  p(h)^-1 -
 9 1       -0.01680
11 1        0.00861
13 3       -0.00290
13 5       -0.06988
15 3        0.00464
15 5        0.14437
10 2       -0.03013
12 2        0.01117
14 4       -0.03454
14 6        0.08598
16 4        0.01974
16 6       -0.98177
 
 ________________________________________
 
 i     Parity    J        energy       Tz
  131    1    1  17.41354  -1
 
 -  p(h)^-1 -
 9 2       -0.01088
11 2        0.01276
13 4        0.03469
13 6       -0.97019
15 4       -0.00054
15 6       -0.23928
 
 ________________________________________
 
 i     Parity    J        energy       Tz
  132    1    1  18.17277  -1
 
 -  p(h)^-1 -
 9 2       -0.03796
11 2       -0.00242
13 4       -0.04084
13 6        0.23804
15 4        0.01751
15 6       -0.96949
 
 ________________________________________
 
 i     Parity    J        energy       Tz
  133    1    1  19.98476   1
 
 -  p(h)^-1 -
10 1       -0.07283
12 1        0.00441
14 3       -0.89724
14 5       -0.03629
16 3       -0.43368
16 5        0.01567
 
 ________________________________________
 
 i     Parity    J        energy       Tz
  134    1    1  20.75140   1
 
 -  p(h)^-1 -
10 1        0.07774
12 1       -0.00997
14 3        0.42738
14 5        0.02328
16 3       -0.90010
16 5       -0.02202
 
 ________________________________________
 
 i     Parity    J        energy       Tz
  135    1    1  21.72118   0
 
 -  p(h)^-1 -
 9 1        0.05306
11 1        0.00669
13 3        0.85972
13 5       -0.01690
15 3        0.46279
15 5       -0.01806
10 2       -0.00565
12 2        0.00094
14 4        0.18129
14 6       -0.05600
16 4        0.08395
16 6       -0.01207
 
 ________________________________________
 
 i     Parity    J        energy       Tz
  136    1    1  22.48566   0
 
 -  p(h)^-1 -
 9 1        0.04447
11 1        0.00682
13 3        0.46283
13 5        0.02724
15 3       -0.87370
15 5       -0.02935
10 2        0.01080
12 2       -0.00334
14 4        0.07523
14 6        0.00644
16 4       -0.11264
16 6       -0.01717
 
 ________________________________________
 
 i     Parity    J        energy       Tz
  137    1    1  23.05534   0
 
 -  p(h)^-1 -
 9 1        0.01996
11 1       -0.00068
13 3        0.18437
13 5        0.03860
15 3        0.07909
15 5        0.00026
10 2        0.06560
12 2       -0.00606
14 4       -0.88002
14 6       -0.00200
16 4       -0.42285
16 6        0.01698
 
 ________________________________________
 
 i     Parity    J        energy       Tz
  138    1    1  23.87879   0
 
 -  p(h)^-1 -
 9 1       -0.02969
11 1       -0.00226
13 3       -0.06188
13 5        0.00352
15 3        0.11745
15 5       -0.00218
10 2       -0.05590
12 2        0.00831
14 4        0.42171
14 6        0.02889
16 4       -0.89378
16 6       -0.02781
 
 ________________________________________
 
 i     Parity    J        energy       Tz
  139    1    1  25.61725  -1
 
 -  p(h)^-1 -
 9 2        0.05853
11 2        0.00506
13 4       -0.83479
13 6       -0.03376
15 4       -0.54619
15 6        0.01471
 
 ________________________________________
 
 i     Parity    J        energy       Tz
  140    1    1  26.30055  -1
 
 -  p(h)^-1 -
 9 2       -0.08089
11 2       -0.00948
13 4        0.54012
13 6        0.02745
15 4       -0.83672
15 6       -0.02793
 
 ________________________________________
 
 i     Parity    J        energy       Tz
  141    1    1  31.27130   1
 
 -  p(h)^-1 -
10 1       -0.98933
12 1       -0.09136
14 3        0.09699
14 5        0.00158
16 3       -0.03723
16 5       -0.04557
 
 ________________________________________
 
 i     Parity    J        energy       Tz
  142    1    1  33.59052   0
 
 -  p(h)^-1 -
 9 1       -0.98510
11 1        0.13998
13 3        0.07053
13 5        0.00380
15 3       -0.01586
15 5       -0.02539
10 2       -0.04480
12 2        0.03192
14 4       -0.02096
14 6        0.00302
16 4        0.01826
16 6        0.01690
 
 ________________________________________
 
 i     Parity    J        energy       Tz
  143    1    1  34.67718   0
 
 -  p(h)^-1 -
 9 1       -0.02998
11 1        0.09438
13 3       -0.01369
13 5        0.00632
15 3        0.01280
15 5        0.01569
10 2        0.97839
12 2        0.15841
14 4        0.07800
14 6        0.00604
16 4       -0.01849
16 6       -0.02751
 
 ________________________________________
 
 i     Parity    J        energy       Tz
  144    1    1  35.27864   1
 
 -  p(h)^-1 -
10 1        0.08974
12 1       -0.99564
14 3       -0.01651
14 5       -0.01605
16 3        0.01044
16 5        0.00366
 
 ________________________________________
 
 i     Parity    J        energy       Tz
  145    1    1  37.26506   0
 
 -  p(h)^-1 -
 9 1       -0.14592
11 1       -0.97748
13 3        0.01631
13 5        0.00234
15 3       -0.00349
15 5       -0.01525
10 2        0.10640
12 2       -0.10510
14 4        0.00805
14 6       -0.00953
16 4        0.00207
16 6       -0.01409
 
 ________________________________________
 
 i     Parity    J        energy       Tz
  146    1    1  37.39912  -1
 
 -  p(h)^-1 -
 9 2       -0.99112
11 2        0.07991
13 4       -0.09092
13 6       -0.00162
15 4        0.03474
15 6        0.04266
 
 ________________________________________
 
 i     Parity    J        energy       Tz
  147    1    1  38.51294   0
 
 -  p(h)^-1 -
 9 1       -0.02160
11 1        0.12471
13 3       -0.00436
13 5       -0.01090
15 3        0.00595
15 5       -0.00937
10 2        0.14410
12 2       -0.98096
14 4        0.01910
14 6        0.00670
16 4       -0.00697
16 6       -0.01490
 
 ________________________________________
 
 i     Parity    J        energy       Tz
  148    1    1  41.18217  -1
 
 -  p(h)^-1 -
 9 2       -0.07845
11 2       -0.99666
13 4       -0.01613
13 6       -0.01356
15 4        0.00792
15 6        0.00305
 
 ________________________________________
 
 i     Parity    J        energy       Tz
  149    1    2  12.78058   1
 
 -  p(h)^-1 -
 8 1       -0.01540
12 1       -0.00829
14 3        0.01235
16 3        0.02934
16 5        0.99931
18 3       -0.00638
20 1       -0.00428
 
 ________________________________________
 
 i     Parity    J        energy       Tz
  150    1    2  14.38393   0
 
 -  p(h)^-1 -
 7 1        0.01998
11 1       -0.00861
13 3        0.06772
15 3        0.03675
15 5       -0.96609
17 3       -0.01296
19 1       -0.02010
 8 2        0.03245
12 2       -0.00381
14 4        0.06649
16 4        0.04864
16 6       -0.22668
18 4        0.01469
20 2       -0.01538
 
 ________________________________________
 
 i     Parity    J        energy       Tz
  151    1    2  15.66197   0
 
 -  p(h)^-1 -
 7 1        0.02777
11 1        0.00075
13 3        0.06368
15 3        0.05564
15 5        0.23826
17 3       -0.00505
19 1       -0.00931
 8 2        0.00892
12 2       -0.00925
14 4        0.04067
16 4        0.01366
16 6       -0.96584
18 4        0.01244
20 2       -0.01364
 
 ________________________________________
 
 i     Parity    J        energy       Tz
  152    1    2  18.11392  -1
 
 -  p(h)^-1 -
 7 2       -0.01627
11 2       -0.00773
13 4        0.01329
15 4        0.02681
15 6        0.99938
17 4        0.00275
19 2       -0.00355
 
 ________________________________________
 
 i     Parity    J        energy       Tz
  153    1    2  19.89432   1
 
 -  p(h)^-1 -
 8 1        0.00117
12 1       -0.01079
14 3        0.89061
16 3       -0.45306
16 5        0.00243
18 3        0.03716
20 1       -0.00639
 
 ________________________________________
 
 i     Parity    J        energy       Tz
  154    1    2  20.63576   1
 
 -  p(h)^-1 -
 8 1        0.01777
12 1       -0.01988
14 3        0.45162
16 3        0.89071
16 5       -0.03142
18 3        0.03123
20 1        0.00032
 
 ________________________________________
 
 i     Parity    J        energy       Tz
  155    1    2  21.77926   0
 
 -  p(h)^-1 -
 7 1       -0.02456
11 1        0.01598
13 3       -0.91488
15 3       -0.24967
15 5       -0.07419
17 3       -0.02278
19 1        0.00987
 8 2       -0.03161
12 2        0.03098
14 4       -0.21142
16 4       -0.18591
16 6       -0.10554
18 4        0.03402
20 2        0.01249
 
 ________________________________________
 
 i     Parity    J        energy       Tz
  156    1    2  22.31102   0
 
 -  p(h)^-1 -
 7 1        0.00314
11 1        0.00143
13 3        0.31435
15 3       -0.88989
15 5       -0.02005
17 3       -0.02074
19 1        0.00600
 8 2       -0.00462
12 2        0.00218
14 4       -0.32147
16 4        0.05159
16 6       -0.04828
18 4       -0.00635
20 2       -0.00104
 
 ________________________________________
 
 i     Parity    J        energy       Tz
  157    1    2  23.25337   1
 
 -  p(h)^-1 -
 8 1        0.18073
12 1       -0.00818
14 3       -0.04828
16 3       -0.01339
16 5        0.00990
18 3        0.98201
20 1       -0.01807
 
 ________________________________________
 
 i     Parity    J        energy       Tz
  158    1    2  23.32306   0
 
 -  p(h)^-1 -
 7 1        0.03021
11 1       -0.02675
13 3       -0.12948
15 3       -0.37484
15 5        0.03778
17 3        0.09473
19 1       -0.00949
 8 2        0.00992
12 2       -0.00094
14 4        0.90918
16 4        0.05825
16 6        0.01874
18 4       -0.01185
20 2       -0.00350
 
 ________________________________________
 
 i     Parity    J        energy       Tz
  159    1    2  23.84867   0
 
 -  p(h)^-1 -
 7 1        0.00132
11 1       -0.00138
13 3       -0.18697
15 3        0.01958
15 5        0.02920
17 3        0.00639
19 1        0.00110
 8 2       -0.01517
12 2        0.01290
14 4       -0.08303
16 4        0.97795
16 6        0.00618
18 4        0.00680
20 2       -0.00112
 
 ________________________________________
 
 i     Parity    J        energy       Tz
  160    1    2  24.84737   0
 
 -  p(h)^-1 -
 7 1        0.03077
11 1        0.07832
13 3       -0.00516
15 3        0.01340
15 5       -0.02208
17 3        0.93742
19 1       -0.00047
 8 2       -0.04958
12 2        0.08059
14 4       -0.09277
16 4       -0.01409
16 6       -0.01840
18 4       -0.30870
20 2        0.00895
 
 ________________________________________
 
 i     Parity    J        energy       Tz
  161    1    2  25.52778  -1
 
 -  p(h)^-1 -
 7 2       -0.00079
11 2       -0.00926
13 4        0.84430
15 4       -0.53457
15 6        0.00310
17 4       -0.03549
19 2       -0.00619
 
 ________________________________________
 
 i     Parity    J        energy       Tz
  162    1    2  26.17343  -1
 
 -  p(h)^-1 -
 7 2       -0.01614
11 2        0.02076
13 4       -0.53340
15 4       -0.84448
15 6        0.02957
17 4        0.02793
19 2        0.00046
 
 ________________________________________
 
 i     Parity    J        energy       Tz
  163    1    2  26.22504   0
 
 -  p(h)^-1 -
 7 1       -0.12429
11 1        0.05905
13 3       -0.02742
15 3       -0.00233
15 5       -0.00687
17 3       -0.30591
19 1        0.01782
 8 2        0.09647
12 2        0.04427
14 4        0.02005
16 4        0.00645
16 6       -0.01626
18 4       -0.93505
20 2       -0.00803
 
 ________________________________________
 
 i     Parity    J        energy       Tz
  164    1    2  28.89213  -1
 
 -  p(h)^-1 -
 7 2        0.14915
11 2       -0.00913
13 4       -0.04581
15 4       -0.00661
15 6        0.00579
17 4       -0.98750
19 2       -0.01848
 
 ________________________________________
 
 i     Parity    J        energy       Tz
  165    1    2  31.37286   0
 
 -  p(h)^-1 -
 7 1        0.69747
11 1       -0.28547
13 3       -0.04895
15 3       -0.00274
15 5        0.02371
17 3        0.02718
19 1       -0.03173
 8 2        0.58889
12 2       -0.26638
14 4       -0.05196
16 4       -0.00296
16 6        0.02771
18 4       -0.07218
20 2       -0.02981
 
 ________________________________________
 
 i     Parity    J        energy       Tz
  166    1    2  31.74905   1
 
 -  p(h)^-1 -
 8 1        0.96594
12 1        0.16066
14 3        0.00323
16 3       -0.01067
16 5        0.01581
18 3       -0.17472
20 1        0.10128
 
 ________________________________________
 
 i     Parity    J        energy       Tz
  167    1    2  34.73415   0
 
 -  p(h)^-1 -
 7 1       -0.65137
11 1       -0.20156
13 3       -0.00475
15 3       -0.00848
15 5        0.01434
17 3        0.10675
19 1       -0.08472
 8 2        0.70486
12 2        0.05526
14 4       -0.00730
16 4        0.00776
16 6       -0.00950
18 4        0.11226
20 2        0.05935
 
 ________________________________________
 
 i     Parity    J        energy       Tz
  168    1    2  35.33485   1
 
 -  p(h)^-1 -
 8 1       -0.15113
12 1        0.98574
14 3        0.01780
16 3        0.01494
16 5        0.00516
18 3        0.03594
20 1       -0.06011
 
 ________________________________________
 
 i     Parity    J        energy       Tz
  169    1    2  37.82150   0
 
 -  p(h)^-1 -
 7 1        0.03182
11 1        0.90834
13 3       -0.00505
15 3       -0.00955
15 5        0.00272
17 3       -0.01185
19 1        0.00627
 8 2        0.29434
12 2       -0.27249
14 4        0.01921
16 4        0.00978
16 6        0.00748
18 4        0.07440
20 2        0.08157
 
 ________________________________________
 
 i     Parity    J        energy       Tz
  170    1    2  38.06284  -1
 
 -  p(h)^-1 -
 7 2        0.96937
11 2        0.16729
13 4        0.00268
15 4       -0.01072
15 6        0.01732
17 4        0.14290
19 2        0.10718
 
 ________________________________________
 
 i     Parity    J        energy       Tz
  171    1    2  38.95539   0
 
 -  p(h)^-1 -
 7 1       -0.25086
11 1       -0.17463
13 3       -0.02160
15 3       -0.00734
15 5       -0.00640
17 3        0.06617
19 1       -0.15876
 8 2       -0.22243
12 2       -0.90264
14 4       -0.01109
16 4        0.00395
16 6       -0.00304
18 4       -0.06675
20 2       -0.08709
 
 ________________________________________
 
 i     Parity    J        energy       Tz
  172    1    2  41.20178  -1
 
 -  p(h)^-1 -
 7 2       -0.15804
11 2        0.98457
13 4        0.01816
15 4        0.01478
15 6        0.00427
17 4       -0.03270
19 2       -0.06338
 
 ________________________________________
 
 i     Parity    J        energy       Tz
  173    1    2  42.22658   1
 
 -  p(h)^-1 -
 8 1       -0.10446
12 1        0.04304
14 3        0.00551
16 3       -0.00132
16 5        0.00322
18 3        0.03807
20 1        0.99285
 
 ________________________________________
 
 i     Parity    J        energy       Tz
  174    1    2  44.03190   0
 
 -  p(h)^-1 -
 7 1       -0.06551
11 1       -0.07376
13 3        0.00465
15 3        0.00402
15 5       -0.01670
17 3        0.02628
19 1        0.97326
 8 2        0.03198
12 2       -0.15754
14 4        0.01059
16 4        0.00367
16 6       -0.01439
18 4        0.00924
20 2        0.12556
 
 ________________________________________
 
 i     Parity    J        energy       Tz
  175    1    2  45.46868   0
 
 -  p(h)^-1 -
 7 1       -0.04384
11 1        0.07863
13 3       -0.00977
15 3       -0.00219
15 5        0.00939
17 3        0.01284
19 1        0.13529
 8 2        0.07068
12 2        0.04963
14 4       -0.00304
16 4       -0.00338
16 6        0.01320
18 4        0.02716
20 2       -0.98227
 
 ________________________________________
 
 i     Parity    J        energy       Tz
  176    1    2  47.90371  -1
 
 -  p(h)^-1 -
 7 2       -0.11211
11 2        0.04456
13 4        0.00558
15 4       -0.00087
15 6        0.00209
17 4       -0.03615
19 2        0.99202
 
 ________________________________________
 
 i     Parity    J        energy       Tz
  177    1    3  15.61953   1
 
 -  p(h)^-1 -
 8 1       -0.06508
16 3        0.00450
18 3        0.03061
18 5       -0.99732
20 1        0.01304
 
 ________________________________________
 
 i     Parity    J        energy       Tz
  178    1    3  17.69420   0
 
 -  p(h)^-1 -
 7 1        0.06311
15 3       -0.01027
17 3       -0.02875
17 5        0.99730
19 1       -0.01279
 8 2        0.00875
16 4       -0.01462
18 4        0.00488
18 6        0.00063
20 2        0.00045
 
 ________________________________________
 
 i     Parity    J        energy       Tz
  179    1    3  18.72427   0
 
 -  p(h)^-1 -
 7 1        0.01143
15 3       -0.02231
17 3       -0.00691
17 5       -0.00151
19 1       -0.00012
 8 2        0.07436
16 4       -0.01207
18 4        0.03424
18 6       -0.99615
20 2       -0.01271
 
 ________________________________________
 
 i     Parity    J        energy       Tz
  180    1    3  20.16285   1
 
 -  p(h)^-1 -
 8 1        0.01424
16 3       -0.99857
18 3       -0.04457
18 5       -0.00713
20 1       -0.02504
 
 ________________________________________
 
 i     Parity    J        energy       Tz
  181    1    3  21.10982  -1
 
 -  p(h)^-1 -
 7 2       -0.05619
15 4        0.00650
17 4       -0.02576
17 6        0.99798
19 2        0.01287
 
 ________________________________________
 
 i     Parity    J        energy       Tz
  182    1    3  22.22567   0
 
 -  p(h)^-1 -
 7 1       -0.00827
15 3       -0.99232
17 3        0.04632
17 5       -0.00648
19 1        0.02350
 8 2        0.00452
16 4        0.10955
18 4       -0.00381
18 6        0.02076
20 2       -0.00541
 
 ________________________________________
 
 i     Parity    J        energy       Tz
  183    1    3  23.03369   1
 
 -  p(h)^-1 -
 8 1        0.10048
16 3       -0.04290
18 3        0.99370
18 5        0.02365
20 1       -0.00766
 
 ________________________________________
 
 i     Parity    J        energy       Tz
  184    1    3  23.60774   0
 
 -  p(h)^-1 -
 7 1       -0.00386
15 3        0.10755
17 3       -0.03294
17 5        0.01456
19 1        0.00094
 8 2        0.01078
16 4        0.99122
18 4        0.06231
18 6       -0.01103
20 2       -0.02195
 
 ________________________________________
 
 i     Parity    J        energy       Tz
  185    1    3  25.04917   0
 
 -  p(h)^-1 -
 7 1        0.06229
15 3        0.04908
17 3        0.99331
17 5        0.02599
19 1       -0.00669
 8 2       -0.00644
16 4        0.03200
18 4       -0.07170
18 6       -0.01064
20 2       -0.00036
 
 ________________________________________
 
 i     Parity    J        energy       Tz
  186    1    3  25.68264  -1
 
 -  p(h)^-1 -
 7 2        0.00932
15 4       -0.99897
17 4        0.03631
17 6        0.00828
19 2       -0.02429
 
 ________________________________________
 
 i     Parity    J        energy       Tz
  187    1    3  26.22902   0
 
 -  p(h)^-1 -
 7 1       -0.02282
15 3        0.00681
17 3       -0.07224
17 5        0.00447
19 1        0.00196
 8 2        0.08028
16 4        0.05771
18 4       -0.99174
18 6       -0.02864
20 2       -0.00638
 
 ________________________________________
 
 i     Parity    J        energy       Tz
  188    1    3  28.72028  -1
 
 -  p(h)^-1 -
 7 2        0.08352
15 4       -0.03540
17 4       -0.99563
17 6       -0.02067
19 2       -0.00763
 
 ________________________________________
 
 i     Parity    J        energy       Tz
  189    1    3  30.66704   1
 
 -  p(h)^-1 -
 8 1        0.99225
16 3        0.01819
18 3       -0.09770
18 5       -0.06724
20 1        0.03226
 
 ________________________________________
 
 i     Parity    J        energy       Tz
  190    1    3  33.45508   0
 
 -  p(h)^-1 -
 7 1       -0.93484
15 3        0.01015
17 3        0.06223
17 5        0.05727
19 1       -0.03392
 8 2        0.33973
16 4       -0.00974
18 4        0.04372
18 6        0.01551
20 2        0.00015
 
 ________________________________________
 
 i     Parity    J        energy       Tz
  191    1    3  34.47659   0
 
 -  p(h)^-1 -
 7 1        0.33950
15 3        0.00195
17 3       -0.00843
17 5       -0.02995
19 1        0.03837
 8 2        0.93243
16 4       -0.01098
18 4        0.06508
18 6        0.07524
20 2        0.05346
 
 ________________________________________
 
 i     Parity    J        energy       Tz
  192    1    3  37.13466  -1
 
 -  p(h)^-1 -
 7 2        0.99427
15 4        0.01182
17 4        0.08151
17 6        0.05753
19 2        0.03663
 
 ________________________________________
 
 i     Parity    J        energy       Tz
  193    1    3  41.64220   1
 
 -  p(h)^-1 -
 8 1       -0.03006
16 3       -0.02600
18 3        0.00925
18 5        0.01519
20 1        0.99905
 
 ________________________________________
 
 i     Parity    J        energy       Tz
  194    1    3  43.74324   0
 
 -  p(h)^-1 -
 7 1        0.04063
15 3       -0.02393
17 3       -0.00777
17 5       -0.01586
19 1       -0.99002
 8 2        0.01808
16 4        0.00646
18 4       -0.00158
18 6        0.00075
20 2        0.13017
 
 ________________________________________
 
 i     Parity    J        energy       Tz
  195    1    3  45.24189   0
 
 -  p(h)^-1 -
 7 1       -0.02368
15 3       -0.00021
17 3        0.00081
17 5        0.00355
19 1        0.12831
 8 2       -0.05107
16 4        0.02256
18 4       -0.00794
18 6       -0.01728
20 2        0.98969
 
 ________________________________________
 
 i     Parity    J        energy       Tz
  196    1    3  47.28759  -1
 
 -  p(h)^-1 -
 7 2       -0.03488
15 4       -0.02508
17 4       -0.00938
17 6       -0.01492
19 2        0.99892
 
 ________________________________________
 
 i     Parity    J        energy       Tz
  197    1    4  15.78453   1
 
 -  p(h)^-1 -
18 3       -0.04784
18 5       -0.99886
 
 ________________________________________
 
 i     Parity    J        energy       Tz
  198    1    4  17.52588   0
 
 -  p(h)^-1 -
17 3       -0.00171
17 5       -0.97003
18 4       -0.02318
18 6        0.24185
 
 ________________________________________
 
 i     Parity    J        energy       Tz
  199    1    4  18.68623   0
 
 -  p(h)^-1 -
17 3       -0.03786
17 5       -0.24120
18 4       -0.01937
18 6       -0.96954
 
 ________________________________________
 
 i     Parity    J        energy       Tz
  200    1    4  21.25574  -1
 
 -  p(h)^-1 -
17 4       -0.03824
17 6       -0.99927
 
 ________________________________________
 
 i     Parity    J        energy       Tz
  201    1    4  23.05158   1
 
 -  p(h)^-1 -
18 3       -0.99886
18 5        0.04784
 
 ________________________________________
 
 i     Parity    J        energy       Tz
  202    1    4  25.14086   0
 
 -  p(h)^-1 -
17 3       -0.99915
17 5        0.01035
18 4        0.01699
18 6        0.03610
 
 ________________________________________
 
 i     Parity    J        energy       Tz
  203    1    4  26.33178   0
 
 -  p(h)^-1 -
17 3        0.01621
17 5       -0.02735
18 4        0.99940
18 6       -0.01379
 
 ________________________________________
 
 i     Parity    J        energy       Tz
  204    1    4  28.72649  -1
 
 -  p(h)^-1 -
17 4       -0.99927
17 6        0.03824
 
 ________________________________________
 
 i     Parity    J        energy       Tz
  205    1    5  22.92535   1
 
 -  p(h)^-1 -
18 3        1.00000
 
 ________________________________________
 
 i     Parity    J        energy       Tz
  206    1    5  25.15227   0
 
 -  p(h)^-1 -
17 3       -0.99063
18 4       -0.13654
 
 ________________________________________
 
 i     Parity    J        energy       Tz
  207    1    5  26.40787   0
 
 -  p(h)^-1 -
17 3       -0.13654
18 4        0.99063
 
 ________________________________________
 
 i     Parity    J        energy       Tz
  208    1    5  28.63110  -1
 
 -  p(h)^-1 -
17 4        1.00000
