        1309        1083
         121
          65
         103
         118
         314
          93
         284
         138
         256
         133
         237
          68
         261
         266
          87
         175
         257
         173
         244
         293
         267
         113
         204
         231
         222
         301
         283
         262
         164
         238
          84
         189
          95
         210
         146
         172
         177
         170
         156
         141
         197
         114
         178
         150
          98
         163
          90
         191
         194
         207
         124
         243
         125
         199
         232
         236
         185
         179
          63
         234
         144
         142
         181
         223
         247
         212
         137
          99
         219
          75
         317
         149
         110
         263
         265
         248
         131
         285
         274
         190
         155
         275
         334
          97
          70
         111
          57
          89
          51
         102
         127
          78
          50
         235
          53
          69
         292
          49
          41
          43
          60
         289
          56
         225
         270
         195
         123
         281
          86
         160
          92
         109
         287
          72
         299
         186
         120
         224
         241
          45
         157
          59
          62
          64
          47
          54
          46
         205
         147
          71
         139
         115
         254
          83
         216
         251
         211
         106
         132
         229
         233
         196
         126
          48
         240
         272
          58
         148
         258
         140
         252
         188
          52
         143
         245
         180
         166
         193
         226
         112
         304
         162
         145
          66
         218
         268
         158
         192
         213
         169
         227
         183
          81
         152
         107
          61
         168
         136
         108
          80
         306
         217
          85
         153
         214
         255
         198
         165
         295
         277
         246
         100
         159
         116
         249
         260
         325
         336
         280
         290
         129
         341
         286
         228
         288
         208
          91
         202
         135
          74
         171
         134
         203
         221
         349
          55
         215
         318
         242
          94
         167
         154
         323
         269
          73
         305
         344
         117
         279
         354
         239
         335
         176
         104
         273
         342
         442
          77
          76
          82
         406
         326
         340
         250
         315
         361
          88
          79
         350
         230
         303
         355
         345
         320
         122
         278
         313
         360
         200
         151
         282
         201
         128
         105
         264
         424
         174
         300
         346
         369
         357
         465
         339
         384
         419
         328
         307
         393
         321
         353
         412
         389
         309
          96
         319
         351
         209
         184
         327
         161
         332
         333
         298
         322
         330
         101
         296
         259
         276
         271
         312
         347
         329
         130
         187
         182
         364
         253
         372
         338
         310
         206
         316
         469
         849
         798
           0
         762
         988
         477
         365
         554
         431
         780
         750
         621
         641
         414
         400
         650
         443
         418
         362
         674
          30
        1003
         946
         763
         470
         746
         708
         655
           0
           0
           0
         839
           0
         567
          44
         574
         663
         504
         426
         374
         359
         678
         734
         610
         468
         781
         583
         729
         949
         743
         717
         559
         761
         490
         975
         390
         569
           0
         625
           0
           0
           0
           0
         925
         823
         667
         783
         831
           0
         694
           0
         649
           0
        1051
           0
           0
           0
        1027
         691
           0
         905
          14
         796
           0
         704
         956
          67
         990
         965
         524
         639
         377
         791
          39
        1047
         582
         618
         955
         495
         546
           0
         778
         702
         689
           0
         832
           0
         570
         588
         612
         739
        1004
         480
         876
         673
         525
         562
         493
         897
         437
         411
         539
         497
         356
         385
         505
         994
          28
         367
         409
         489
         557
         658
         531
         395
         403
         415
         482
         516
         745
         725
         873
         939
         757
         391
         386
         620
         331
         632
         670
         787
          40
         902
        1035
         928
         656
         911
         594
          37
         855
           0
         432
        1023
         953
         718
        1037
        1067
           0
         805
         777
        1045
         413
        1052
         991
         782
         680
        1010
         993
         981
         709
         850
         308
         878
         914
         713
         797
         775
         974
         784
         755
         537
         555
         514
         901
         705
         732
         581
         640
         858
         633
         455
         696
         479
         910
         822
         744
         879
         723
         687
         653
         669
        1021
         528
         984
         767
         992
         826
         603
         530
         894
         683
         877
         607
         703
         681
         661
         220
         699
         576
         812
         979
         749
         657
          34
         624
         565
         595
         666
         445
         919
         584
         654
         804
         716
           6
         819
         941
         774
         545
         759
         589
         700
         726
         645
         772
         930
         540
         758
         884
         526
         590
         707
         747
         614
         438
         860
           0
           0
        1011
         773
         728
           0
         617
         551
         119
         906
          26
         433
          31
         402
         553
         592
         324
         392
         459
         483
         647
         659
         423
         302
         375
         509
         420
         722
           0
         543
           0
         615
         679
          36
         508
         962
         407
         586
         966
          16
           0
         376
           0
         410
         536
         440
         535
         698
         487
          17
         379
         660
         463
         580
         597
         368
         529
         348
         541
         451
         506
           9
         458
          23
         461
         507
         473
         577
         519
         387
           0
         715
         753
         885
         652
          33
         552
          21
         748
          13
         373
         427
           0
         720
           0
         770
         401
         517
         648
         602
         601
        1044
         446
        1083
        1008
         399
         828
         740
         706
           0
           0
          29
          24
          20
         880
        1006
         478
           3
           0
          27
         604
         923
         637
         343
         311
         841
         915
           4
         382
         682
         439
         515
         294
         561
           5
           0
         510
         475
         811
         619
         627
         450
         786
         533
         662
         527
         675
         896
         491
           0
         456
         544
         435
         578
         665
         560
         593
         642
         363
         520
         672
         851
         481
         522
         542
         810
         794
         494
         370
         397
         471
         608
         978
         556
        1013
         449
         845
         457
           0
         436
        1064
         404
         714
         634
         646
         538
         613
         940
         371
         585
         485
          19
         464
         408
         587
         686
         970
         447
         428
         751
         474
         697
          25
         950
          11
         550
         888
        1029
          22
         834
         444
         742
         599
        1070
          12
         864
         486
         998
          15
         972
         754
         927
         291
          38
         366
         518
         695
         358
         417
         498
         738
         521
         969
         945
         609
        1007
         566
         958
         568
         737
         452
         825
         454
        1019
         441
         866
         547
           0
         771
         628
         741
         944
         596
         995
         629
          42
         466
         572
         396
         916
         795
         573
           0
         711
          18
         448
         488
         549
         591
         752
         476
         664
         564
         422
          32
         502
         806
         836
         611
         425
         764
         416
         890
         405
         381
         788
         605
         513
          10
         622
         943
         792
         676
         677
         453
         548
         501
         631
         920
         499
         692
         693
         710
         398
         882
         467
         472
         668
         967
         606
         721
         827
         563
         378
         843
         430
         616
         496
         511
         937
         848
         833
         638
         503
         388
         421
          35
         651
         460
         688
         623
         766
           7
         462
         532
         512
         337
         635
         768
         492
         352
         500
         712
         394
         534
         429
         484
         579
         598
         523
         671
         383
         643
           8
         575
         380
         297
         434
         558
           0
           0
           0
           0
        1073
         809
        1078
         926
        1082
        1068
         857
           0
           0
           0
         903
        1069
        1042
           0
           0
           0
           0
           0
        1017
         816
           0
         790
         931
        1080
           0
           0
         938
        1054
           0
           0
           0
         719
         887
           0
        1046
        1057
           0
           0
        1066
           0
           0
           0
         776
        1053
        1001
         948
           0
           0
           0
         852
         730
        1043
           0
           0
         863
         908
         765
           0
         971
        1022
           0
           0
           0
           0
           0
           0
           0
        1039
           0
           0
           0
           0
           0
           0
           0
           0
           0
         924
        1050
         986
           0
           0
        1015
           0
        1061
           0
           0
        1040
        1059
         859
           0
           0
           0
           0
           0
         997
         895
        1024
        1033
           0
         799
         936
           0
         963
         968
         815
           0
         983
        1009
         760
         842
         820
           0
         847
         881
           0
         571
           2
        1081
         821
         909
         685
           1
           0
           0
           0
         701
           0
        1079
         813
         846
        1063
        1048
           0
           0
         960
         899
         869
           0
         727
           0
         964
           0
           0
           0
           0
        1072
           0
         870
         626
        1075
           0
           0
         830
         934
           0
         889
         829
        1062
        1055
           0
         892
        1071
           0
         912
           0
         779
         982
           0
           0
           0
           0
           0
           0
           0
         807
           0
         856
           0
        1077
           0
           0
           0
        1074
           0
           0
           0
           0
           0
           0
           0
           0
           0
           0
           0
           0
           0
           0
           0
         961
           0
         802
        1025
         808
         793
         600
           0
           0
           0
           0
           0
           0
        1060
         951
           0
           0
           0
        1032
           0
         756
           0
           0
        1031
           0
         636
           0
         736
         785
         929
         735
         684
         952
         644
         898
         814
         918
         977
         690
         630
           0
           0
         865
         800
         817
         862
           0
        1041
           0
         818
         837
        1038
           0
           0
        1028
        1018
           0
         942
           0
           0
           0
           0
           0
           0
           0
           0
        1049
           0
           0
           0
        1058
           0
           0
           0
           0
           0
           0
           0
           0
           0
        1005
           0
        1036
        1065
           0
           0
         875
           0
           0
           0
           0
         840
         724
           0
        1056
           0
           0
        1000
           0
         989
           0
           0
        1016
         959
           0
         933
           0
           0
           0
        1026
        1014
         861
           0
           0
           0
        1076
           0
           0
        1030
           0
           0
           0
           0
         868
        1020
         867
           0
         854
         976
         769
         921
         935
         886
        1002
         973
         871
           0
           0
        1034
         913
         999
           0
        1012
         853
         900
         872
         891
         824
         985
         835
           0
         844
         803
         874
         980
         907
         996
           0
         957
           0
         904
         801
           0
         789
         838
           0
           0
         893
         932
         954
         947
         883
         917
         922
         733
         731
         987
