 i   2*Tz    i_sp      en_sp      lam      en_phon
    1   -1    2 -33.21673  284  17.04630
    2   -1    2 -33.21673  285  17.63045
    3   -1    2 -33.21673  286  18.06886
    4   -1    2 -33.21673  287  18.75209
    5   -1    2 -33.21673  288  20.46924
    6   -1    2 -33.21673  307  20.88470
    7   -1    2 -33.21673  308  21.45783
    8   -1    2 -33.21673  309  21.86725
    9   -1    2 -33.21673  310  22.28072
   10   -1    2 -33.21673  311  22.76654
   11   -1    2 -33.21673  312  22.94781
   12   -1    2 -33.21673  313  23.64227
   13   -1    2 -33.21673  314  23.78942
   14   -1    2 -33.21673  315  24.33769
   15   -1    2 -33.21673  316  24.77992
   16   -1    2 -33.21673  317  24.96120
   17   -1    2 -33.21673  318  25.26619
   18   -1    2 -33.21673  338  25.96026
   19   -1    2 -33.21673  339  26.09992
   20   -1    2 -33.21673  340  26.17302
   21   -1    2 -33.21673  341  26.32744
   22   -1    2 -33.21673  342  26.50837
   23   -1    2 -33.21673  343  26.76313
   24   -1    2 -33.21673  344  26.89839
   25   -1    2 -33.21673  345  27.02492
   26   -1    2 -33.21673  346  27.19499
   27   -1    2 -33.21673  347  27.50819
   28   -1    2 -33.21673  348  27.63205
   29   -1    2 -33.21673  349  27.80425
   30   -1    2 -33.21673  350  27.87164
   31   -1    2 -33.21673  366  28.03859
   32   -1    2 -33.21673  367  28.14657
   33   -1    2 -33.21673  368  28.30469
   34   -1    2 -33.21673  369  28.42925
   35   -1    2 -33.21673  370  28.75180
   36   -1    2 -33.21673  371  28.61194
   37   -1    2 -33.21673  382  29.08544
   38   -1    2 -33.21673  383  29.29255
   39   -1    2 -33.21673  384  29.45670
   40   -1    2 -33.21673  385  29.59104
   41   -1    2 -33.21673  386  29.84479
   42   -1    2 -33.21673  387  29.88977
   43   -1    2 -33.21673  397  30.03063
   44   -1    2 -33.21673  398  30.22626
   45   -1    2 -33.21673  399  30.31473
   46   -1    2 -33.21673  400  30.53210
   47   -1    2 -33.21673  401  30.42637
   48   -1    2 -33.21673  409  30.71566
   49   -1    2 -33.21673  410  30.74498
   50   -1    2 -33.21673  411  30.94239
   51   -1    2 -33.21673  412  30.97940
   52   -1    2 -33.21673  413  31.23736
   53   -1    2 -33.21673  414  31.29383
   54   -1    2 -33.21673  415  31.34958
   55   -1    2 -33.21673  416  31.47838
   56   -1    2 -33.21673  417  31.56578
   57   -1    2 -33.21673  423  31.37456
   58   -1    2 -33.21673  424  31.69185
   59   -1    2 -33.21673  425  31.74761
   60   -1    2 -33.21673  426  31.80921
   61   -1    2 -33.21673  427  31.94349
   62   -1    2 -33.21673  428  32.00870
   63   -1    2 -33.21673  429  32.09261
   64   -1    2 -33.21673  430  32.22477
   65   -1    2 -33.21673  431  32.40961
   66   -1    2 -33.21673  443  32.56000
   67   -1    2 -33.21673  444  32.69979
   68   -1    2 -33.21673  445  32.84061
   69   -1    2 -33.21673  446  32.88603
   70   -1    2 -33.21673  447  33.03319
   71   -1    2 -33.21673  448  33.78293
   72   -1    2 -33.21673  449  33.30406
   73   -1    2 -33.21673  450  33.34452
   74   -1    2 -33.21673  451  33.51393
   75   -1    2 -33.21673  452  33.44972
   76   -1    2 -33.21673  465  33.70921
   77   -1    2 -33.21673  466  34.01627
   78   -1    2 -33.21673  475  34.23846
   79   -1    2 -33.21673  476  34.32487
   80   -1    2 -33.21673  477  34.42943
   81   -1    2 -33.21673  478  34.46116
   82   -1    2 -33.21673  479  34.62966
   83   -1    2 -33.21673  480  34.76715
   84   -1    2 -33.21673 1763  16.83401
   85   -1    2 -33.21673 1764  17.23942
   86   -1    2 -33.21673 1765  17.71587
   87   -1    2 -33.21673 1766  17.94505
   88   -1    2 -33.21673 1767  17.89297
   89   -1    2 -33.21673 1790  18.39127
   90   -1    2 -33.21673 1791  18.67967
   91   -1    2 -33.21673 1792  19.11908
   92   -1    2 -33.21673 1793  19.92880
   93   -1    2 -33.21673 1794  20.18044
   94   -1    2 -33.21673 1795  20.29711
   95   -1    2 -33.21673 1796  20.41389
   96   -1    2 -33.21673 1797  21.14507
   97   -1    2 -33.21673 1798  21.38153
   98   -1    2 -33.21673 1799  21.66025
   99   -1    2 -33.21673 1800  21.77583
  100   -1    2 -33.21673 1801  21.88819
  101   -1    2 -33.21673 1802  22.08648
  102   -1    2 -33.21673 1803  22.16382
  103   -1    2 -33.21673 1804  22.35142
  104   -1    2 -33.21673 1805  22.43443
  105   -1    2 -33.21673 1806  22.64329
  106   -1    2 -33.21673 1807  22.85065
  107   -1    2 -33.21673 1808  22.94588
  108   -1    2 -33.21673 1809  23.08741
  109   -1    2 -33.21673 1812  23.35492
  110   -1    2 -33.21673 1867  23.40988
  111   -1    2 -33.21673 1868  23.65408
  112   -1    2 -33.21673 1869  23.70241
  113   -1    2 -33.21673 1870  23.82852
  114   -1    2 -33.21673 1871  24.00510
  115   -1    2 -33.21673 1872  24.16989
  116   -1    2 -33.21673 1873  24.24754
  117   -1    2 -33.21673 1874  24.38307
  118   -1    2 -33.21673 1875  24.58670
  119   -1    2 -33.21673 1876  24.63904
  120   -1    2 -33.21673 1877  24.76148
  121   -1    2 -33.21673 1878  24.92553
  122   -1    2 -33.21673 1879  25.00641
  123   -1    2 -33.21673 1880  25.11356
  124   -1    2 -33.21673 1881  25.16487
  125   -1    2 -33.21673 1882  25.22792
  126   -1    2 -33.21673 1883  25.36365
  127   -1    2 -33.21673 1884  25.44659
  128   -1    2 -33.21673 1885  25.70265
  129   -1    2 -33.21673 1886  25.73596
  130   -1    2 -33.21673 1927  25.87419
  131   -1    2 -33.21673 1928  25.95602
  132   -1    2 -33.21673 1929  26.08981
  133   -1    2 -33.21673 1930  26.13545
  134   -1    2 -33.21673 1931  26.23238
  135   -1    2 -33.21673 1932  26.30336
  136   -1    2 -33.21673 1933  26.44090
  137   -1    2 -33.21673 1934  26.49881
  138   -1    2 -33.21673 1935  26.46478
  139   -1    2 -33.21673 1936  26.60434
  140   -1    2 -33.21673 1937  26.58956
  141   -1    2 -33.21673 1938  26.73314
  142   -1    2 -33.21673 1939  27.25262
  143   -1    2 -33.21673 1940  26.79455
  144   -1    2 -33.21673 1941  26.82510
  145   -1    2 -33.21673 1942  26.90893
  146   -1    2 -33.21673 1943  26.93276
  147   -1    2 -33.21673 1944  27.20521
  148   -1    2 -33.21673 1945  27.10817
  149   -1    2 -33.21673 1946  26.99268
  150   -1    2 -33.21673 1947  27.03947
  151   -1    2 -33.21673 1978  27.36126
  152   -1    2 -33.21673 1979  27.42982
  153   -1    2 -33.21673 1980  27.48224
  154   -1    2 -33.21673 1981  27.58439
  155   -1    2 -33.21673 1982  27.70663
  156   -1    2 -33.21673 1983  27.72769
  157   -1    2 -33.21673 1984  27.80972
  158   -1    2 -33.21673 1985  27.89019
  159   -1    2 -33.21673 1986  28.22019
  160   -1    2 -33.21673 1987  27.92935
  161   -1    2 -33.21673 1988  27.99532
  162   -1    2 -33.21673 1989  27.94863
  163   -1    2 -33.21673 1990  28.08270
  164   -1    2 -33.21673 1991  28.05961
  165   -1    2 -33.21673 1992  28.18367
  166   -1    2 -33.21673 1993  28.12712
  167   -1    2 -33.21673 1994  28.14382
  168   -1    2 -33.21673 2014  28.28840
  169   -1    2 -33.21673 2015  28.40296
  170   -1    2 -33.21673 2016  28.43789
  171   -1    2 -33.21673 2017  28.54706
  172   -1    2 -33.21673 2018  28.61091
  173   -1    2 -33.21673 2019  28.47140
  174   -1    2 -33.21673 2020  28.69400
  175   -1    2 -33.21673 2021  28.75475
  176   -1    2 -33.21673 2022  28.80374
  177   -1    2 -33.21673 2023  28.77611
  178   -1    2 -33.21673 2024  28.91872
  179   -1    2 -33.21673 2025  28.85249
  180   -1    2 -33.21673 2026  28.98464
  181   -1    2 -33.21673 2049  29.08441
  182   -1    2 -33.21673 2050  29.11686
  183   -1    2 -33.21673 2051  29.22213
  184   -1    2 -33.21673 2052  29.25744
  185   -1    2 -33.21673 2053  29.31717
  186   -1    2 -33.21673 2054  29.47988
  187   -1    2 -33.21673 2055  29.52041
  188   -1    2 -33.21673 2056  29.62048
  189   -1    2 -33.21673 2057  29.57409
  190   -1    2 -33.21673 2058  29.68688
  191   -1    2 -33.21673 2059  29.75738
  192   -1    2 -33.21673 2060  29.85964
  193   -1    2 -33.21673 2061  29.83266
  194   -1    2 -33.21673 2083  29.92338
  195   -1    2 -33.21673 2084  29.97020
  196   -1    2 -33.21673 2085  30.52510
  197   -1    2 -33.21673 2086  30.17477
  198   -1    2 -33.21673 2087  30.04479
  199   -1    2 -33.21673 2088  30.09255
  200   -1    2 -33.21673 2089  30.46671
  201   -1    2 -33.21673 2090  30.25457
  202   -1    2 -33.21673 2091  30.09415
  203   -1    2 -33.21673 2092  30.11507
  204   -1    2 -33.21673 2093  30.39021
  205   -1    2 -33.21673 2094  30.37923
  206   -1    2 -33.21673 2095  30.33247
  207   -1    2 -33.21673 2096  30.31589
  208   -1    2 -33.21673 2097  30.21603
  209   -1    2 -33.21673 2145  30.84203
  210   -1    2 -33.21673 2146  30.58366
  211   -1    2 -33.21673 2147  30.59888
  212   -1    2 -33.21673 2148  30.71664
  213   -1    2 -33.21673 2149  30.65371
  214   -1    2 -33.21673 2150  30.77180
  215   -1    2 -33.21673 2151  30.79364
  216   -1    2 -33.21673 2157  30.90842
  217   -1    2 -33.21673 2158  30.99604
  218   -1    2 -33.21673 2159  30.88493
  219   -1    2 -33.21673 2160  31.24561
  220   -1    2 -33.21673 2161  30.95411
  221   -1    2 -33.21673 2162  31.03461
  222   -1    2 -33.21673 2163  31.06645
  223   -1    2 -33.21673 2164  31.20730
  224   -1    2 -33.21673 2165  31.19670
  225   -1    2 -33.21673 2166  31.13485
  226   -1    2 -33.21673 2167  31.14572
  227   -1    2 -33.21673 2175  31.29748
  228   -1    2 -33.21673 2176  31.33565
  229   -1    2 -33.21673 2177  31.38461
  230   -1    2 -33.21673 2180  31.44249
  231   -1    2 -33.21673 2181  31.43508
  232   -1    2 -33.21673 2183  31.47978
  233   -1    2 -33.21673 2184  31.51165
  234   -1    2 -33.21673 2186  31.55632
  235   -1    2 -33.21673 2187  31.58182
  236   -1    2 -33.21673 2189  31.71376
  237   -1    2 -33.21673 2190  31.74395
  238   -1    2 -33.21673 2191  31.62007
  239   -1    2 -33.21673 2192  31.62719
  240   -1    2 -33.21673 2193  31.79334
  241   -1    2 -33.21673 2194  31.96018
  242   -1    2 -33.21673 2195  31.87152
  243   -1    2 -33.21673 2199  32.00704
  244   -1    2 -33.21673 2203  31.91943
  245   -1    2 -33.21673 2204  31.89339
  246   -1    2 -33.21673 2205  31.83337
  247   -1    2 -33.21673 2206  32.06685
  248   -1    2 -33.21673 2207  32.09983
  249   -1    2 -33.21673 2208  32.08251
  250   -1    2 -33.21673 2209  32.05196
  251   -1    2 -33.21673 2210  32.19377
  252   -1    2 -33.21673 2211  32.30650
  253   -1    2 -33.21673 2212  32.25742
  254   -1    2 -33.21673 2213  32.37532
  255   -1    2 -33.21673 2214  32.24583
  256   -1    2 -33.21673 2215  32.42617
  257   -1    2 -33.21673 2216  32.46637
  258   -1    2 -33.21673 2217  32.51646
  259   -1    2 -33.21673 2218  32.59567
  260   -1    2 -33.21673 2219  32.84445
  261   -1    2 -33.21673 2220  32.82586
  262   -1    2 -33.21673 2221  32.66560
  263   -1    2 -33.21673 2222  32.71084
  264   -1    2 -33.21673 2223  32.73370
  265   -1    2 -33.21673 2224  32.75663
  266   -1    2 -33.21673 2261  33.00471
  267   -1    2 -33.21673 2262  32.97153
  268   -1    2 -33.21673 2263  32.94337
  269   -1    2 -33.21673 2264  32.84986
  270   -1    2 -33.21673 2271  33.28565
  271   -1    2 -33.21673 2272  33.03776
  272   -1    2 -33.21673 2273  33.20139
  273   -1    2 -33.21673 2274  33.10795
  274   -1    2 -33.21673 2275  33.06599
  275   -1    2 -33.21673 2276  32.95168
  276   -1    2 -33.21673 2285  33.29699
  277   -1    2 -33.21673 2286  33.33648
  278   -1    2 -33.21673 2287  33.31371
  279   -1    2 -33.21673 2288  33.64250
  280   -1    2 -33.21673 2289  33.44968
  281   -1    2 -33.21673 2290  33.39996
  282   -1    2 -33.21673 2291  33.38282
  283   -1    2 -33.21673 2292  33.52583
  284   -1    2 -33.21673 2293  33.56889
  285   -1    2 -33.21673 2294  33.70985
  286   -1    2 -33.21673 2295  33.76329
  287   -1    2 -33.21673 2296  33.73914
  288   -1    2 -33.21673 2297  33.86677
  289   -1    2 -33.21673 2298  33.91137
  290   -1    2 -33.21673 2299  33.96802
  291   -1    2 -33.21673 2313  33.98650
  292   -1    2 -33.21673 2314  34.00965
  293   -1    2 -33.21673 2315  34.05805
  294   -1    2 -33.21673 2316  34.08819
  295   -1    2 -33.21673 2317  34.15509
  296   -1    2 -33.21673 2318  34.12011
  297   -1    2 -33.21673 2319  34.60422
  298   -1    2 -33.21673 2320  34.29967
  299   -1    2 -33.21673 2321  34.33869
  300   -1    2 -33.21673 2322  34.46271
  301   -1    2 -33.21673 2323  34.51644
  302   -1    2 -33.21673 2324  34.49566
  303   -1    2 -33.21673 2325  34.35673
  304   -1    2 -33.21673 2326  34.18117
  305   -1    2 -33.21673 2327  34.19404
  306   -1    2 -33.21673 2370  34.70534
  307   -1    2 -33.21673 2371  34.62763
  308   -1    2 -33.21673 2372  34.66205
  309   -1    2 -33.21673 2373  34.75132
  310   -1    2 -33.21673 2374  34.78926
  311   -1    2 -33.21673 2381  34.83616
  312   -1    2 -33.21673 2382  34.93136
  313   -1    2 -33.21673 2383  34.81580
  314   -1    2 -33.21673 2384  34.96503
  315   -1    4 -15.8283317651  11.09703
  316   -1    4 -15.8283317652  11.26148
  317   -1    4 -15.8283317654  12.21925
  318   -1    4 -15.8283317655  12.48165
  319   -1    4 -15.8283317656  13.26404
  320   -1    4 -15.8283317659  14.36550
  321   -1    4 -15.8283317660  14.62065
  322   -1    4 -15.8283317663  15.29905
  323   -1    4 -15.8283317665  15.79291
  324   -1    4 -15.8283317666  16.07277
  325   -1    4 -15.8283317667  16.33214
  326   -1    4 -15.8283317668  16.62580
  327   -1    4 -15.8283317669  17.11267
  328   -1    4 -15.8283317670  17.24085
  329   -1    4 -15.8283317671  17.52961
  330   -1    4 -15.8283317672  17.73455
  331   -1    4 -15.8283317673  17.86762
  332   -1    4 -15.8283317674  18.07687
  333   -1    4 -15.8283317675  18.25533
  334   -1    4 -15.8283317722  18.59809
  335   -1    4 -15.8283317723  18.99921
  336   -1    4 -15.8283317724  19.14182
  337   -1    4 -15.8283317725  19.26716
  338   -1    4 -15.8283317726  19.43382
  339   -1    4 -15.8283317727  19.48041
  340   -1    4 -15.8283317728  19.67914
  341   -1    4 -15.8283317729  19.92573
  342   -1    4 -15.8283317733  20.63939
  343   -1    4 -15.8283317735  20.82980
  344   -1    4 -15.8283317736  20.95191
  345   -1    4 -15.8283317737  21.04935
  346   -1    4 -15.8283317738  21.11512
  347   -1    4 -15.8283317739  21.35319
  348   -1    4 -15.8283317740  21.54819
  349   -1    4 -15.8283317741  21.45700
  350   -1    4 -15.8283317742  21.44656
  351   -1    4 -15.8283317743  21.71799
  352   -1    4 -15.8283317744  21.84752
  353   -1    4 -15.8283317745  21.99257
  354   -1    4 -15.8283317746  21.77489
  355   -1    4 -15.8283317797  22.26732
  356   -1    4 -15.8283317798  22.34107
  357   -1    4 -15.8283317799  22.33084
  358   -1    4 -15.8283317800  22.42405
  359   -1    4 -15.8283317801  22.62520
  360   -1    4 -15.8283317802  22.59003
  361   -1    4 -15.8283317803  22.67485
  362   -1    4 -15.8283317804  22.71912
  363   -1    4 -15.8283317805  22.86824
  364   -1    4 -15.8283317806  23.09290
  365   -1    4 -15.8283317807  22.95996
  366   -1    4 -15.8283317808  23.00671
  367   -1    4 -15.8283317810  23.33814
  368   -1    4 -15.8283317815  23.90269
  369   -1    4 -15.8283317816  23.90846
  370   -1    4 -15.8283317817  24.05315
  371   -1    4 -15.8283317818  24.09436
  372   -1    4 -15.8283317819  24.42454
  373   -1    4 -15.8283317821  24.32123
  374   -1    4 -15.8283317851  24.55700
  375   -1    4 -15.8283317853  24.74600
  376   -1    4 -15.8283317857  25.13659
  377   -1    4 -15.8283317858  25.27022
  378   -1    4 -15.8283317860  25.48127
  379   -1    4 -15.8283317861  25.52119
  380   -1    4 -15.8283317862  25.61617
  381   -1    4 -15.8283317864  25.71643
  382   -1    4 -15.8283317865  25.84840
  383   -1    4 -15.8283317866  25.95745
  384   -1    4 -15.8283317867  26.10313
  385   -1    4 -15.8283317868  26.03380
  386   -1    4 -15.8283317904  26.25709
  387   -1    4 -15.8283317905  26.24595
  388   -1    4 -15.8283317906  26.35257
  389   -1    4 -15.8283317907  26.41102
  390   -1    4 -15.8283317908  26.53124
  391   -1    4 -15.8283317909  26.59257
  392   -1    4 -15.8283317910  26.57144
  393   -1    4 -15.8283317911  26.74283
  394   -1    4 -15.8283317912  26.89667
  395   -1    4 -15.8283317913  26.71541
  396   -1    4 -15.8283317914  26.82357
  397   -1    4 -15.8283317916  27.07261
  398   -1    4 -15.8283317917  26.85803
  399   -1    4 -15.8283317918  27.11899
  400   -1    4 -15.8283317920  27.20063
  401   -1    4 -15.8283317922  27.34281
  402   -1    4 -15.8283317948  27.42812
  403   -1    4 -15.8283317949  27.48500
  404   -1    4 -15.8283317950  27.58109
  405   -1    4 -15.8283317951  27.53840
  406   -1    4 -15.8283317952  27.68935
  407   -1    4 -15.8283317953  28.14286
  408   -1    4 -15.8283317954  27.83855
  409   -1    4 -15.8283317955  27.89715
  410   -1    4 -15.8283317956  27.99043
  411   -1    4 -15.8283317957  28.03565
  412   -1    4 -15.8283317958  28.09584
  413   -1    4 -15.8283317959  28.05831
  414   -1    4 -15.8283317983  28.26042
  415   -1    4 -15.8283317984  28.22307
  416   -1    4 -15.8283317985  28.31755
  417   -1    4 -15.8283317986  28.36784
  418   -1    4 -15.8283317987  28.38757
  419   -1    4 -15.8283317988  28.47246
  420   -1    4 -15.8283317989  28.43195
  421   -1    4 -15.8283317990  29.00182
  422   -1    4 -15.8283317991  28.58615
  423   -1    4 -15.8283317992  28.61740
  424   -1    4 -15.8283317993  28.60349
  425   -1    4 -15.8283317994  28.67277
  426   -1    4 -15.8283317995  28.77814
  427   -1    4 -15.8283317996  28.86261
  428   -1    4 -15.8283317997  28.83765
  429   -1    4 -15.8283317998  28.66531
  430   -1    4 -15.8283317999  28.91754
  431   -1    4 -15.8283318018  29.04316
  432   -1    4 -15.8283318019  29.12232
  433   -1    4 -15.8283318020  29.16164
  434   -1    4 -15.8283318021  29.07204
  435   -1    4 -15.8283318022  29.23926
  436   -1    4 -15.8283318023  29.26006
  437   -1    4 -15.8283318024  29.31263
  438   -1    4 -15.8283318025  29.34696
  439   -1    4 -15.8283318026  29.45401
  440   -1    4 -15.8283318027  29.53025
  441   -1    4 -15.8283318028  29.50535
  442   -1    4 -15.8283318029  29.62609
  443   -1    4 -15.8283318030  29.67566
  444   -1    4 -15.8283318031  29.75003
  445   -1    4 -15.8283318032  29.79610
  446   -1    4 -15.8283318033  29.92575
  447   -1    4 -15.8283318052  30.00204
  448   -1    4 -15.8283318053  30.44987
  449   -1    4 -15.8283318054  30.06189
  450   -1    4 -15.8283318055  30.42646
  451   -1    4 -15.8283318056  30.10374
  452   -1    4 -15.8283318057  30.13755
  453   -1    4 -15.8283318058  30.14652
  454   -1    4 -15.8283318060  30.28248
  455   -1    4 -15.8283318061  30.30074
  456   -1    4 -15.8283318062  30.32293
  457   -1    4 -15.8283318108  30.51401
  458   -1    4 -15.8283318109  30.68844
  459   -1    4 -15.8283318110  30.63594
  460   -1    4 -15.8283318112  30.50701
  461   -1    4 -15.8283318121  31.05117
  462   -1    4 -15.8283318122  30.81957
  463   -1    4 -15.8283318123  30.72907
  464   -1    4 -15.8283318124  30.91963
  465   -1    4 -15.8283318125  30.95689
  466   -1    4 -15.8283318138  31.18417
  467   -1    4 -15.8283318139  31.12655
  468   -1    4 -15.8283318140  31.30568
  469   -1    4 -15.8283318141  31.24097
  470   -1    4 -15.8283318142  31.37706
  471   -1    4 -15.8283318143  31.41392
  472   -1    4 -15.8283318144  31.52106
  473   -1    4 -15.8283318145  31.45808
  474   -1    4 -15.8283318165  31.58720
  475   -1    4 -15.8283318166  31.61068
  476   -1    4 -15.8283318167  31.99384
  477   -1    4 -15.8283318168  31.72059
  478   -1    4 -15.8283318169  31.95582
  479   -1    4 -15.8283318170  31.91893
  480   -1    4 -15.8283318171  31.74405
  481   -1    4 -15.8283318172  31.80478
  482   -1    4 -15.8283318173  31.82505
  483   -1    4 -15.8283318174  31.86566
  484   -1    4 -15.8283318207  32.08515
  485   -1    4 -15.8283318208  32.17829
  486   -1    4 -15.8283318209  32.13946
  487   -1    4 -15.8283318210  32.05215
  488   -1    4 -15.8283318211  32.25352
  489   -1    4 -15.8283318212  32.28596
  490   -1    4 -15.8283318213  32.35508
  491   -1    4 -15.8283318219  32.39762
  492   -1    4 -15.8283318220  32.43499
  493   -1    4 -15.8283318221  32.47735
  494   -1    4 -15.8283318222  32.51088
  495   -1    4 -15.8283318223  32.54768
  496   -1    4 -15.8283318224  32.57388
  497   -1    4 -15.8283318225  32.64015
  498   -1    4 -15.8283318226  32.74533
  499   -1    4 -15.8283318227  32.76001
  500   -1    4 -15.8283318228  32.79866
  501   -1    4 -15.8283318229  32.85068
  502   -1    4 -15.8283318230  32.88096
  503   -1    4 -15.8283318231  32.91557
  504   -1    4 -15.8283318245  32.99064
  505   -1    4 -15.8283318246  33.01830
  506   -1    4 -15.8283318247  33.03337
  507   -1    4 -15.8283318248  33.08033
  508   -1    4 -15.8283318249  33.48929
  509   -1    4 -15.8283318250  33.10248
  510   -1    4 -15.8283318251  33.17012
  511   -1    4 -15.8283318252  33.44675
  512   -1    4 -15.8283318253  33.40865
  513   -1    4 -15.8283318254  33.27340
  514   -1    4 -15.8283318255  33.37197
  515   -1    4 -15.8283318256  33.35008
  516   -1    4 -15.8283318257  33.23269
  517   -1    4 -15.8283318258  33.23851
  518   -1    4 -15.8283318259  33.30912
  519   -1    4 -15.8283318303  33.50930
  520   -1    4 -15.8283318304  33.55877
  521   -1    4 -15.8283318305  33.61437
  522   -1    4 -15.8283318306  33.60705
  523   -1    4 -15.8283318314  33.73807
  524   -1    4 -15.8283318315  33.70853
  525   -1    4 -15.8283318316  33.80840
  526   -1    4 -15.8283318317  33.77863
  527   -1    4 -15.8283318318  33.88549
  528   -1    4 -15.8283318319  33.88319
  529   -1    4 -15.8283318320  33.98514
  530   -1    4 -15.8283318321  33.95686
  531   -1    4 -15.8283318322  34.06545
  532   -1    4 -15.8283318323  34.03536
  533   -1    4 -15.8283318324  33.96624
  534   -1    4 -15.8283318325  34.13275
  535   -1    4 -15.8283318326  34.11067
  536   -1    4 -15.8283318340  34.17051
  537   -1    4 -15.8283318341  34.25854
  538   -1    4 -15.8283318342  34.30445
  539   -1    4 -15.8283318343  34.29155
  540   -1    4 -15.8283318344  34.37257
  541   -1    4 -15.8283318345  34.42217
  542   -1    4 -15.8283318346  34.62505
  543   -1    4 -15.8283318347  34.56492
  544   -1    4 -15.8283318348  34.58755
  545   -1    4 -15.8283318349  34.52530
  546   -1    4 -15.8283318350  34.40604
  547   -1    4 -15.8283318351  34.68957
  548   -1    4 -15.8283318352  34.40688
  549   -1    4 -15.8283318385  34.72965
  550   -1    4 -15.8283318386  34.74821
  551   -1    4 -15.8283318387  34.83071
  552   -1    4 -15.8283318388  34.80560
  553   -1    4 -15.8283318389  34.86270
  554   -1    4 -15.8283318390  34.90872
  555   -1    4 -15.8283318397  34.94558
  556   -1    4 -15.8283318398  34.94999
  557   -1    4 -15.8283318400  34.98555
  558   -1    4 -15.8283320554  11.28903
  559   -1    4 -15.8283320560  11.63936
  560   -1    4 -15.8283320562  12.09312
  561   -1    4 -15.8283320565  13.34384
  562   -1    4 -15.8283320572  14.08042
  563   -1    4 -15.8283320573  14.51576
  564   -1    4 -15.8283320582  15.26834
  565   -1    4 -15.8283320583  15.29901
  566   -1    4 -15.8283320588  15.68636
  567   -1    4 -15.8283320590  15.79985
  568   -1    4 -15.8283320591  16.08249
  569   -1    4 -15.8283320592  16.23841
  570   -1    4 -15.8283320593  16.48447
  571   -1    4 -15.8283320599  16.73473
  572   -1    4 -15.8283320602  16.91509
  573   -1    4 -15.8283320605  17.31681
  574   -1    4 -15.8283320611  17.55102
  575   -1    4 -15.8283320612  17.61440
  576   -1    4 -15.8283320613  17.85445
  577   -1    4 -15.8283320619  18.03020
  578   -1    4 -15.8283320621  18.19583
  579   -1    4 -15.8283320624  18.39464
  580   -1    4 -15.8283320629  18.58718
  581   -1    4 -15.8283320631  18.64049
  582   -1    4 -15.8283320632  18.80588
  583   -1    4 -15.8283320645  19.07474
  584   -1    4 -15.8283320647  19.25425
  585   -1    4 -15.8283320648  19.42756
  586   -1    4 -15.8283320649  19.63564
  587   -1    4 -15.8283320650  19.76397
  588   -1    4 -15.8283320651  19.78334
  589   -1    4 -15.8283320652  19.85344
  590   -1    4 -15.8283320653  19.90050
  591   -1    4 -15.8283320654  19.97866
  592   -1    4 -15.8283320655  20.25059
  593   -1    4 -15.8283320657  20.40029
  594   -1    4 -15.8283320659  20.61660
  595   -1    4 -15.8283320660  20.73188
  596   -1    4 -15.8283320661  20.82376
  597   -1    4 -15.8283320662  20.94926
  598   -1    4 -15.8283320663  21.24417
  599   -1    4 -15.8283320664  21.07465
  600   -1    4 -15.8283320665  21.10325
  601   -1    4 -15.8283320666  21.33804
  602   -1    4 -15.8283320667  21.63969
  603   -1    4 -15.8283320668  21.46816
  604   -1    4 -15.8283320669  21.49305
  605   -1    4 -15.8283320670  21.54014
  606   -1    4 -15.8283320718  21.82049
  607   -1    4 -15.8283320719  21.91823
  608   -1    4 -15.8283320720  22.08430
  609   -1    4 -15.8283320721  22.11152
  610   -1    4 -15.8283320722  22.19514
  611   -1    4 -15.8283320723  22.28751
  612   -1    4 -15.8283320724  22.32891
  613   -1    4 -15.8283320725  22.48058
  614   -1    4 -15.8283320726  22.51051
  615   -1    4 -15.8283320727  22.58083
  616   -1    4 -15.8283320728  22.67494
  617   -1    4 -15.8283320729  22.71941
  618   -1    4 -15.8283320730  22.81162
  619   -1    4 -15.8283320731  22.89310
  620   -1    4 -15.8283320732  22.96058
  621   -1    4 -15.8283320734  23.29673
  622   -1    4 -15.8283320735  23.02448
  623   -1    4 -15.8283320736  23.05531
  624   -1    4 -15.8283320737  23.18391
  625   -1    4 -15.8283320738  23.10254
  626   -1    4 -15.8283320739  23.13504
  627   -1    4 -15.8283320769  23.46729
  628   -1    4 -15.8283320770  23.49282
  629   -1    4 -15.8283320771  23.61844
  630   -1    4 -15.8283320772  23.67930
  631   -1    4 -15.8283320773  23.76669
  632   -1    4 -15.8283320775  24.03258
  633   -1    4 -15.8283320777  23.78002
  634   -1    4 -15.8283320778  23.93905
  635   -1    4 -15.8283320779  24.13366
  636   -1    4 -15.8283320780  24.10526
  637   -1    4 -15.8283320781  24.32640
  638   -1    4 -15.8283320782  24.36604
  639   -1    4 -15.8283320783  24.43449
  640   -1    4 -15.8283320784  24.44539
  641   -1    4 -15.8283320807  24.68720
  642   -1    4 -15.8283320808  24.72930
  643   -1    4 -15.8283320809  24.79179
  644   -1    4 -15.8283320810  24.81844
  645   -1    4 -15.8283320811  24.87777
  646   -1    4 -15.8283320812  24.92559
  647   -1    4 -15.8283320815  25.69207
  648   -1    4 -15.8283320816  25.17930
  649   -1    4 -15.8283320817  25.32424
  650   -1    4 -15.8283320818  25.25869
  651   -1    4 -15.8283320819  25.62654
  652   -1    4 -15.8283320820  25.14227
  653   -1    4 -15.8283320821  25.42270
  654   -1    4 -15.8283320823  25.39423
  655   -1    4 -15.8283320843  25.75357
  656   -1    4 -15.8283320844  25.76630
  657   -1    4 -15.8283320845  25.82763
  658   -1    4 -15.8283320846  25.90091
  659   -1    4 -15.8283320847  25.94226
  660   -1    4 -15.8283320848  26.48812
  661   -1    4 -15.8283320849  26.13491
  662   -1    4 -15.8283320850  26.22314
  663   -1    4 -15.8283320851  26.17409
  664   -1    4 -15.8283320852  25.99411
  665   -1    4 -15.8283320853  26.05982
  666   -1    4 -15.8283320854  26.00448
  667   -1    4 -15.8283320855  26.41421
  668   -1    4 -15.8283320856  26.37961
  669   -1    4 -15.8283320857  26.30247
  670   -1    4 -15.8283320880  26.58483
  671   -1    4 -15.8283320881  27.18430
  672   -1    4 -15.8283320882  26.80011
  673   -1    4 -15.8283320883  26.73652
  674   -1    4 -15.8283320884  26.91178
  675   -1    4 -15.8283320885  26.75323
  676   -1    4 -15.8283320886  26.93903
  677   -1    4 -15.8283320887  27.16260
  678   -1    4 -15.8283320888  27.08515
  679   -1    4 -15.8283320889  27.03253
  680   -1    4 -15.8283320890  27.13103
  681   -1    4 -15.8283320891  26.84412
  682   -1    4 -15.8283320909  27.77810
  683   -1    4 -15.8283320911  27.32821
  684   -1    4 -15.8283320912  27.38221
  685   -1    4 -15.8283320913  27.41095
  686   -1    4 -15.8283320914  27.46840
  687   -1    4 -15.8283320915  27.52031
  688   -1    4 -15.8283320916  27.62452
  689   -1    4 -15.8283320917  27.71739
  690   -1    4 -15.8283320918  27.60497
  691   -1    4 -15.8283320934  27.82208
  692   -1    4 -15.8283320935  28.02655
  693   -1    4 -15.8283320936  27.94410
  694   -1    4 -15.8283320937  27.95349
  695   -1    4 -15.8283320938  27.83829
  696   -1    4 -15.8283320939  28.34189
  697   -1    4 -15.8283320940  28.08272
  698   -1    4 -15.8283320941  28.15459
  699   -1    4 -15.8283320942  28.11996
  700   -1    4 -15.8283320943  28.23629
  701   -1    4 -15.8283320944  28.27527
  702   -1    4 -15.8283320945  28.18478
  703   -1    4 -15.8283320946  28.28492
  704   -1    4 -15.8283320961  28.68827
  705   -1    4 -15.8283320962  28.65832
  706   -1    4 -15.8283320963  28.56499
  707   -1    4 -15.8283320964  28.60803
  708   -1    4 -15.8283320965  28.41653
  709   -1    4 -15.8283320966  28.39008
  710   -1    4 -15.8283320967  28.46053
  711   -1    4 -15.8283320969  28.36449
  712   -1    4 -15.8283320970  28.51131
  713   -1    4 -15.8283320985  29.06974
  714   -1    4 -15.8283320986  28.71759
  715   -1    4 -15.8283320987  28.87938
  716   -1    4 -15.8283320988  28.85489
  717   -1    4 -15.8283320989  28.96341
  718   -1    4 -15.8283320990  29.05576
  719   -1    4 -15.8283320991  28.99640
  720   -1    4 -15.8283320992  29.01630
  721   -1    4 -15.8283321004  29.13437
  722   -1    4 -15.8283321005  29.18417
  723   -1    4 -15.8283321006  29.24385
  724   -1    4 -15.8283321007  29.35708
  725   -1    4 -15.8283321008  29.33692
  726   -1    4 -15.8283321009  29.31924
  727   -1    4 -15.8283321010  29.20051
  728   -1    4 -15.8283321022  29.68100
  729   -1    4 -15.8283321023  29.47740
  730   -1    4 -15.8283321024  29.43238
  731   -1    4 -15.8283321025  29.45121
  732   -1    4 -15.8283321026  29.61374
  733   -1    4 -15.8283321027  29.66758
  734   -1    4 -15.8283321028  29.57137
  735   -1    4 -15.8283321040  29.83778
  736   -1    4 -15.8283321041  29.78095
  737   -1    4 -15.8283321042  29.73736
  738   -1    4 -15.8283321043  29.71159
  739   -1    4 -15.8283321055  29.92253
  740   -1    4 -15.8283321056  29.98849
  741   -1    4 -15.8283321057  30.01889
  742   -1    4 -15.8283321058  30.16218
  743   -1    4 -15.8283321059  30.09597
  744   -1    4 -15.8283321060  30.06296
  745   -1    4 -15.8283321061  30.04811
  746   -1    4 -15.8283321062  30.27089
  747   -1    4 -15.8283321063  30.24321
  748   -1    4 -15.8283321064  30.21041
  749   -1    4 -15.8283321075  30.59898
  750   -1    4 -15.8283321076  30.38404
  751   -1    4 -15.8283321077  30.32131
  752   -1    4 -15.8283321078  30.43608
  753   -1    4 -15.8283321079  30.52924
  754   -1    4 -15.8283321080  30.58854
  755   -1    4 -15.8283321097  30.70120
  756   -1    4 -15.8283321098  30.74551
  757   -1    4 -15.8283321099  30.76280
  758   -1    4 -15.8283321100  30.83888
  759   -1    4 -15.8283321101  30.80162
  760   -1    4 -15.8283321102  30.80992
  761   -1    4 -15.8283321103  30.87750
  762   -1    4 -15.8283321104  30.91267
  763   -1    4 -15.8283321105  31.01730
  764   -1    4 -15.8283321106  30.95108
  765   -1    4 -15.8283321107  31.07749
  766   -1    4 -15.8283321108  31.12893
  767   -1    4 -15.8283321109  31.13545
  768   -1    4 -15.8283321110  31.06869
  769   -1    4 -15.8283321111  31.22762
  770   -1    4 -15.8283321112  31.19022
  771   -1    4 -15.8283321113  31.28214
  772   -1    4 -15.8283321114  31.32775
  773   -1    4 -15.8283321131  31.36870
  774   -1    4 -15.8283321132  31.40348
  775   -1    4 -15.8283321133  31.35326
  776   -1    4 -15.8283321134  31.66469
  777   -1    4 -15.8283321135  31.44234
  778   -1    4 -15.8283321136  31.63724
  779   -1    4 -15.8283321138  31.42214
  780   -1    4 -15.8283321139  31.60157
  781   -1    4 -15.8283321140  31.58555
  782   -1    4 -15.8283321141  31.54871
  783   -1    4 -15.8283321142  31.56819
  784   -1    4 -15.8283321186  31.81437
  785   -1    4 -15.8283321187  31.76670
  786   -1    4 -15.8283321188  31.72776
  787   -1    4 -15.8283321189  31.69712
  788   -1    4 -15.8283321193  31.86639
  789   -1    4 -15.8283321194  31.89453
  790   -1    4 -15.8283321195  31.94874
  791   -1    4 -15.8283321196  31.92822
  792   -1    4 -15.8283321197  32.07119
  793   -1    4 -15.8283321199  31.99657
  794   -1    4 -15.8283321209  32.10339
  795   -1    4 -15.8283321210  32.12739
  796   -1    4 -15.8283321211  32.17945
  797   -1    4 -15.8283321212  32.23701
  798   -1    4 -15.8283321213  32.32068
  799   -1    4 -15.8283321214  32.26835
  800   -1    4 -15.8283321215  32.30614
  801   -1    4 -15.8283321216  32.38093
  802   -1    4 -15.8283321217  32.35695
  803   -1    4 -15.8283321235  32.41794
  804   -1    4 -15.8283321236  32.42468
  805   -1    4 -15.8283321237  32.45635
  806   -1    4 -15.8283321238  32.61254
  807   -1    4 -15.8283321239  32.57135
  808   -1    4 -15.8283321240  32.51800
  809   -1    4 -15.8283321241  32.51592
  810   -1    4 -15.8283321242  32.54993
  811   -1    4 -15.8283321243  32.64055
  812   -1    4 -15.8283321244  32.84278
  813   -1    4 -15.8283321245  32.81086
  814   -1    4 -15.8283321246  32.72031
  815   -1    4 -15.8283321247  32.85477
  816   -1    4 -15.8283321248  32.78500
  817   -1    4 -15.8283321249  32.76496
  818   -1    4 -15.8283321250  32.69876
  819   -1    4 -15.8283321279  33.00099
  820   -1    4 -15.8283321280  32.91875
  821   -1    4 -15.8283321281  32.90456
  822   -1    4 -15.8283321287  33.04000
  823   -1    4 -15.8283321288  33.03327
  824   -1    4 -15.8283321289  33.10420
  825   -1    4 -15.8283321290  33.12089
  826   -1    4 -15.8283321291  33.16279
  827   -1    4 -15.8283321292  33.19822
  828   -1    4 -15.8283321293  33.23114
  829   -1    4 -15.8283321294  33.16632
  830   -1    4 -15.8283321295  33.27301
  831   -1    4 -15.8283321296  33.30746
  832   -1    4 -15.8283321297  33.30121
  833   -1    4 -15.8283321298  33.36638
  834   -1    4 -15.8283321299  33.35477
  835   -1    4 -15.8283321312  33.38711
  836   -1    4 -15.8283321313  33.40756
  837   -1    4 -15.8283321314  33.45319
  838   -1    4 -15.8283321315  33.44926
  839   -1    4 -15.8283321316  33.47757
  840   -1    4 -15.8283321317  33.51343
  841   -1    4 -15.8283321318  33.53113
  842   -1    4 -15.8283321319  33.56275
  843   -1    4 -15.8283321320  33.86441
  844   -1    4 -15.8283321321  33.82668
  845   -1    4 -15.8283321322  33.81621
  846   -1    4 -15.8283321323  33.76191
  847   -1    4 -15.8283321324  33.65602
  848   -1    4 -15.8283321325  33.69079
  849   -1    4 -15.8283321326  33.71491
  850   -1    4 -15.8283321327  33.78116
  851   -1    4 -15.8283321328  33.67733
  852   -1    4 -15.8283321329  33.62311
  853   -1    4 -15.8283321330  33.61842
  854   -1    4 -15.8283321331  33.73138
  855   -1    4 -15.8283321365  34.02464
  856   -1    4 -15.8283321366  33.98514
  857   -1    4 -15.8283321367  33.95179
  858   -1    4 -15.8283321368  33.92264
  859   -1    4 -15.8283321369  34.00398
  860   -1    4 -15.8283321370  33.90124
  861   -1    4 -15.8283321372  34.06977
  862   -1    4 -15.8283321373  34.14156
  863   -1    4 -15.8283321374  34.12282
  864   -1    4 -15.8283321375  34.17017
  865   -1    4 -15.8283321376  34.21771
  866   -1    4 -15.8283321377  34.26078
  867   -1    4 -15.8283321378  34.36573
  868   -1    4 -15.8283321379  34.31827
  869   -1    4 -15.8283321380  34.44116
  870   -1    4 -15.8283321381  34.35466
  871   -1    4 -15.8283321382  34.32997
  872   -1    4 -15.8283321383  34.24779
  873   -1    4 -15.8283321384  34.42133
  874   -1    4 -15.8283321395  34.75577
  875   -1    4 -15.8283321396  34.52802
  876   -1    4 -15.8283321397  34.50995
  877   -1    4 -15.8283321398  34.67349
  878   -1    4 -15.8283321399  34.57350
  879   -1    4 -15.8283321400  34.55950
  880   -1    4 -15.8283321401  34.64691
  881   -1    4 -15.8283321402  34.63319
  882   -1    4 -15.8283321443  34.82056
  883   -1    4 -15.8283321444  34.86457
  884   -1    4 -15.8283321445  34.78241
  885   -1    4 -15.8283321446  34.90047
  886   -1    4 -15.8283321447  34.76326
  887   -1    4 -15.8283321452  34.96200
  888   -1    4 -15.8283321453  34.92571
  889   -1    6  -8.0886916131  14.37782
  890   -1    6  -8.0886916135  15.22212
  891   -1    6  -8.0886916136  15.58606
  892   -1    6  -8.0886916137  16.07373
  893   -1    6  -8.0886916138  16.55243
  894   -1    6  -8.0886916139  16.81813
  895   -1    6  -8.0886916140  17.28572
  896   -1    6  -8.0886916144  20.36691
  897   -1    6  -8.0886916145  20.39460
  898   -1    6  -8.0886916146  20.89700
  899   -1    6  -8.0886916182  22.82503
  900   -1    6  -8.0886916183  22.94130
  901   -1    6  -8.0886916185  23.47643
  902   -1    6  -8.0886916186  23.81714
  903   -1    6  -8.0886916187  24.11244
  904   -1    6  -8.0886916190  24.91891
  905   -1    6  -8.0886916191  24.99530
  906   -1    6  -8.0886916213  25.77858
  907   -1    6  -8.0886916214  25.86974
  908   -1    6  -8.0886916216  26.04799
  909   -1    6  -8.0886916217  26.23397
  910   -1    6  -8.0886916220  26.48700
  911   -1    6  -8.0886916246  27.47689
  912   -1    6  -8.0886916247  27.57063
  913   -1    6  -8.0886916248  27.63447
  914   -1    6  -8.0886916249  27.96901
  915   -1    6  -8.0886916253  28.49951
  916   -1    6  -8.0886916254  28.35523
  917   -1    6  -8.0886916255  28.43920
  918   -1    6  -8.0886916258  28.75718
  919   -1    6  -8.0886916259  28.83181
  920   -1    6  -8.0886916260  28.85522
  921   -1    6  -8.0886916262  29.20597
  922   -1    6  -8.0886916263  29.30477
  923   -1    6  -8.0886916282  29.93418
  924   -1    6  -8.0886916303  31.40404
  925   -1    6  -8.0886916320  31.70344
  926   -1    6  -8.0886916321  31.80471
  927   -1    6  -8.0886916324  32.12235
  928   -1    6  -8.0886916326  32.31517
  929   -1    6  -8.0886916347  32.80430
  930   -1    6  -8.0886916348  32.87652
  931   -1    6  -8.0886916349  32.96579
  932   -1    6  -8.0886916359  33.46255
  933   -1    6  -8.0886916360  33.55619
  934   -1    6  -8.0886916361  33.59876
  935   -1    6  -8.0886916362  33.73502
  936   -1    6  -8.0886916364  33.82634
  937   -1    6  -8.0886916365  34.02670
  938   -1    6  -8.0886916367  34.25790
  939   -1    6  -8.0886916377  34.53620
  940   -1    6  -8.0886916378  34.66209
  941   -1    6  -8.0886916382  34.83686
  942   -1    6  -8.0886916383  34.80768
  943   -1    6  -8.0886916384  34.96626
  944   -1    6  -8.0886917651  11.09703
  945   -1    6  -8.0886917652  11.26148
  946   -1    6  -8.0886917654  12.21925
  947   -1    6  -8.0886917655  12.48165
  948   -1    6  -8.0886917659  14.36550
  949   -1    6  -8.0886917660  14.62065
  950   -1    6  -8.0886917663  15.29905
  951   -1    6  -8.0886917665  15.79291
  952   -1    6  -8.0886917666  16.07277
  953   -1    6  -8.0886917667  16.33214
  954   -1    6  -8.0886917668  16.62580
  955   -1    6  -8.0886917672  17.73455
  956   -1    6  -8.0886917674  18.07687
  957   -1    6  -8.0886917675  18.25533
  958   -1    6  -8.0886917722  18.59809
  959   -1    6  -8.0886917723  18.99921
  960   -1    6  -8.0886917724  19.14182
  961   -1    6  -8.0886917727  19.48041
  962   -1    6  -8.0886917728  19.67914
  963   -1    6  -8.0886917729  19.92573
  964   -1    6  -8.0886917731  20.40566
  965   -1    6  -8.0886917733  20.63939
  966   -1    6  -8.0886917738  21.11512
  967   -1    6  -8.0886917740  21.54819
  968   -1    6  -8.0886917741  21.45700
  969   -1    6  -8.0886917742  21.44656
  970   -1    6  -8.0886917745  21.99257
  971   -1    6  -8.0886917746  21.77489
  972   -1    6  -8.0886917798  22.34107
  973   -1    6  -8.0886917799  22.33084
  974   -1    6  -8.0886917800  22.42405
  975   -1    6  -8.0886917801  22.62520
  976   -1    6  -8.0886917803  22.67485
  977   -1    6  -8.0886917804  22.71912
  978   -1    6  -8.0886917806  23.09290
  979   -1    6  -8.0886917808  23.00671
  980   -1    6  -8.0886917809  23.25935
  981   -1    6  -8.0886917817  24.05315
  982   -1    6  -8.0886917819  24.42454
  983   -1    6  -8.0886917821  24.32123
  984   -1    6  -8.0886917853  24.74600
  985   -1    6  -8.0886917904  26.25709
  986   -1    6  -8.0886917906  26.35257
  987   -1    6  -8.0886917907  26.41102
  988   -1    6  -8.0886917908  26.53124
  989   -1    6  -8.0886917909  26.59257
  990   -1    6  -8.0886917910  26.57144
  991   -1    6  -8.0886917917  26.85803
  992   -1    6  -8.0886917918  27.11899
  993   -1    6  -8.0886917922  27.34281
  994   -1    6  -8.0886917949  27.48500
  995   -1    6  -8.0886917952  27.68935
  996   -1    6  -8.0886917954  27.83855
  997   -1    6  -8.0886917956  27.99043
  998   -1    6  -8.0886917957  28.03565
  999   -1    6  -8.0886917958  28.09584
 1000   -1    6  -8.0886917959  28.05831
 1001   -1    6  -8.0886917983  28.26042
 1002   -1    6  -8.0886917984  28.22307
 1003   -1    6  -8.0886917985  28.31755
 1004   -1    6  -8.0886917986  28.36784
 1005   -1    6  -8.0886917987  28.38757
 1006   -1    6  -8.0886917988  28.47246
 1007   -1    6  -8.0886917989  28.43195
 1008   -1    6  -8.0886917990  29.00182
 1009   -1    6  -8.0886917991  28.58615
 1010   -1    6  -8.0886917994  28.67277
 1011   -1    6  -8.0886917995  28.77814
 1012   -1    6  -8.0886917996  28.86261
 1013   -1    6  -8.0886917997  28.83765
 1014   -1    6  -8.0886917999  28.91754
 1015   -1    6  -8.0886918019  29.12232
 1016   -1    6  -8.0886918020  29.16164
 1017   -1    6  -8.0886918021  29.07204
 1018   -1    6  -8.0886918024  29.31263
 1019   -1    6  -8.0886918025  29.34696
 1020   -1    6  -8.0886918027  29.53025
 1021   -1    6  -8.0886918054  30.06189
 1022   -1    6  -8.0886918058  30.14652
 1023   -1    6  -8.0886918121  31.05117
 1024   -1    6  -8.0886918123  30.72907
 1025   -1    6  -8.0886918124  30.91963
 1026   -1    6  -8.0886918139  31.12655
 1027   -1    6  -8.0886918144  31.52106
 1028   -1    6  -8.0886918145  31.45808
 1029   -1    6  -8.0886918166  31.61068
 1030   -1    6  -8.0886918169  31.95582
 1031   -1    6  -8.0886918171  31.74405
 1032   -1    6  -8.0886918174  31.86566
 1033   -1    6  -8.0886918207  32.08515
 1034   -1    6  -8.0886918209  32.13946
 1035   -1    6  -8.0886918213  32.35508
 1036   -1    6  -8.0886918219  32.39762
 1037   -1    6  -8.0886918220  32.43499
 1038   -1    6  -8.0886918224  32.57388
 1039   -1    6  -8.0886918227  32.76001
 1040   -1    6  -8.0886918245  32.99064
 1041   -1    6  -8.0886918246  33.01830
 1042   -1    6  -8.0886918247  33.03337
 1043   -1    6  -8.0886918249  33.48929
 1044   -1    6  -8.0886918250  33.10248
 1045   -1    6  -8.0886918251  33.17012
 1046   -1    6  -8.0886918252  33.44675
 1047   -1    6  -8.0886918253  33.40865
 1048   -1    6  -8.0886918254  33.27340
 1049   -1    6  -8.0886918255  33.37197
 1050   -1    6  -8.0886918256  33.35008
 1051   -1    6  -8.0886918257  33.23269
 1052   -1    6  -8.0886918303  33.50930
 1053   -1    6  -8.0886918304  33.55877
 1054   -1    6  -8.0886918305  33.61437
 1055   -1    6  -8.0886918314  33.73807
 1056   -1    6  -8.0886918315  33.70853
 1057   -1    6  -8.0886918316  33.80840
 1058   -1    6  -8.0886918317  33.77863
 1059   -1    6  -8.0886918318  33.88549
 1060   -1    6  -8.0886918319  33.88319
 1061   -1    6  -8.0886918320  33.98514
 1062   -1    6  -8.0886918321  33.95686
 1063   -1    6  -8.0886918323  34.03536
 1064   -1    6  -8.0886918324  33.96624
 1065   -1    6  -8.0886918325  34.13275
 1066   -1    6  -8.0886918326  34.11067
 1067   -1    6  -8.0886918340  34.17051
 1068   -1    6  -8.0886918341  34.25854
 1069   -1    6  -8.0886918343  34.29155
 1070   -1    6  -8.0886918345  34.42217
 1071   -1    6  -8.0886918346  34.62505
 1072   -1    6  -8.0886918348  34.58755
 1073   -1    6  -8.0886918349  34.52530
 1074   -1    6  -8.0886918352  34.40688
 1075   -1    6  -8.0886918385  34.72965
 1076   -1    6  -8.0886918386  34.74821
 1077   -1    6  -8.0886918387  34.83071
 1078   -1    6  -8.0886918388  34.80560
 1079   -1    6  -8.0886918389  34.86270
 1080   -1    6  -8.0886918390  34.90872
 1081   -1    6  -8.0886918397  34.94558
 1082   -1    6  -8.0886918398  34.94999
 1083   -1    6  -8.0886918400  34.98555
