   14.8940499225372     
   17.3324914464128     
   19.2947924735979     
   19.3963252826207     
   20.4049324179970     
   20.6308562492407     
   20.6955610944934     
   22.3694728129970     
   22.7560942825761     
   23.0554667444378     
   23.4431803782591     
   23.7085126629086     
   24.1731372787076     
   24.5743060779818     
   24.8837622063893     
   25.3247558850507     
   25.9074867822223     
   26.5896576401174     
   27.0348929280401     
   27.6047420258622     
   28.8930170625366     
   29.3948717163179     
   29.9834577272520     
   30.5299347638131     
   31.0899100897781     
   31.3592570693015     
   31.7094599032346     
   32.4763611381654     
   32.5219642865569     
   33.1121068446607     
   33.1900991731204     
   33.7937135306908     
   34.0850806694647     
   34.6671399945047     
   35.0772356185304     
   35.2891852522623     
   35.6505429004899     
   36.3782698663690     
   36.5772750894365     
   36.7143925281606     
   38.0033067636922     
   39.9728011627819     
   41.6603329606172     
   41.7542460364757     
   42.8560470380646     
   43.0817259054065     
   43.7023212490875     
   43.9771960458766     
   46.0006348401668     
   46.5175300719364     
   47.1302259213825     
   47.6506677901935     
   47.8680297319819     
   48.3937585926646     
   48.8439808807697     
   49.3044968466029     
   51.7211628981708     
   53.8656032560914     
   54.0757718289238     
   54.5235091599575     
   55.4509549838507     
   55.5713544345580     
   55.8734666959532     
   56.1694769376123     
   56.9408190599697     
   57.6841242164433     
   57.8861753078706     
   58.0623520786713     
   59.1152936074801     
   62.1542526391376     
   62.3197762194788     
   65.4855688338115     
   66.4235037520255     
   67.6212467202471     
   72.8234443464106     
