    1   -1    2 -33.21673  114  14.36165  -0.00018  -0.00610
    2   -1    2 -33.21673  115  15.37302  -0.00814   0.03330
    3   -1    2 -33.21673  118  21.80330   0.03629  -0.09459
    4   -1    2 -33.21673  119  23.56785  -0.01726   0.01696
    5   -1    2 -33.21673  121  30.02303  -0.25698   0.57158
    6   -1    2 -33.21673  127  13.93815   0.00429  -0.00209
    7   -1    2 -33.21673  128  14.50199  -0.00355  -0.00574
    8   -1    2 -33.21673  129  15.03091   0.00549   0.00060
    9   -1    2 -33.21673  130  15.76515   0.01292  -0.01682
   10   -1    2 -33.21673  135  21.72118   0.00996   0.00396
   11   -1    2 -33.21673  136  22.48566   0.00799   0.01521
   12   -1    2 -33.21673  137  23.05534  -0.01400   0.01739
   13   -1    2 -33.21673  138  23.87879   0.00675  -0.01150
   14   -1    2 -33.21673  142  33.59052   0.05391  -0.02820
   15   -1    2 -33.21673  143  34.67718   0.26194  -0.92935
   16   -1    2 -33.21673  145  37.26506   0.95147   0.29465
   17   -1    4 -15.82833   13   2.66279   0.00225  -0.01919
   18   -1    4 -15.82833   15   7.59301   0.01824  -0.02392
   19   -1    4 -15.82833   16   8.75921  -0.00563   0.00345
   20   -1    4 -15.82833   19  13.20737  -0.03279  -0.01302
   21   -1    4 -15.82833   21  14.94935  -0.02307  -0.00446
   22   -1    4 -15.82833   23  15.98137  -0.00965   0.00786
   23   -1    4 -15.82833   29  20.66594  -0.01114  -0.00563
   24   -1    4 -15.82833   31  22.52827   0.01205   0.00322
   25   -1    4 -15.82833   34  26.29710   0.00527  -0.00261
   26   -1    4 -15.82833   38  38.02872   0.03172  -0.02841
   27   -1    4 -15.82833   40  39.87443  -0.00007  -0.00177
   28   -1    4 -15.82833   46   8.59442   0.00374   0.00327
   29   -1    4 -15.82833   47   9.30991  -0.00446  -0.00345
   30   -1    4 -15.82833   49  12.42357  -0.05718  -0.02319
   31   -1    4 -15.82833   52  13.30977   0.01273   0.00799
   32   -1    4 -15.82833   54  15.30382   0.00822   0.00990
   33   -1    4 -15.82833   56  16.02795   0.00741   0.01838
   34   -1    4 -15.82833   57  16.77661  -0.00591   0.00754
   35   -1    4 -15.82833   59  17.49925  -0.01688   0.02742
   36   -1    4 -15.82833   61  18.93737   0.00800  -0.00182
   37   -1    4 -15.82833   64  20.14822   0.03035   0.00905
   38   -1    4 -15.82833   70  26.37662   0.00040   0.00011
   39   -1    4 -15.82833   71  27.80625  -0.00098   0.00146
   40   -1    4 -15.82833   74  39.56517   0.00413   0.01865
   41   -1    6  -8.08869    2   7.96513  -0.01319   0.02421
   42   -1    6  -8.08869    5  18.57033   0.04459   0.01849
   43   -1    6  -8.08869   10  38.62196   0.01113   0.01683
   44   -1    6  -8.08869   15   7.59301   0.00928  -0.00983
   45   -1    6  -8.08869   16   8.75921   0.00089  -0.00590
   46   -1    6  -8.08869   19  13.20737   0.06852   0.02755
   47   -1    6  -8.08869   23  15.98137   0.01707  -0.03166
   48   -1    6  -8.08869   27  18.50499  -0.02250  -0.00539
   49   -1    6  -8.08869   29  20.66594  -0.06280  -0.02411
   50   -1    6  -8.08869   34  26.29710   0.00814   0.00101
   51   -1    6  -8.08869   35  28.18278   0.01568  -0.00125
   52   -1    6  -8.08869   38  38.02872  -0.01777   0.01488
   53   -1    6  -8.08869   40  39.87443  -0.00975  -0.00145
