          72          53
          21
          27
          34
          25
          52
           0
          20
          23
          18
          22
          19
          17
          15
          16
          24
           2
          33
           0
          51
          37
          35
          26
          50
          42
           0
           0
           9
           5
          43
           0
          48
          39
           0
           0
          31
          36
          14
          12
           8
           6
           7
           4
          13
           0
          32
           0
          11
           1
          30
           0
          29
           0
          46
           0
          28
           0
           0
          10
           3
          49
           0
          44
           0
          53
          41
           0
          38
          45
          47
          40
           0
           0
