   11.0225527005186     
   14.8861362059502     
   17.3395583734051     
   18.3254740053351     
   19.3404408331470     
   19.4768069378316     
   20.4102038588980     
   20.6476261558518     
   20.6979915153271     
   22.3757439936994     
   22.7588750181001     
   23.0691644791358     
   23.4462449633624     
   23.7084469761460     
   24.1734318159758     
   24.5756234694482     
   24.8879753253176     
   25.3400443148003     
   25.9251555423658     
   26.5905329418240     
   27.0350364898280     
   27.6061118391803     
   28.8930573770266     
   29.3984152974922     
   29.9843814204058     
   30.5343799818509     
   31.0918299548363     
   31.3596304707729     
   31.7152657624327     
   32.4765297540288     
   32.5256424002002     
   33.1125509960969     
   33.1901782697269     
   33.7981954461395     
   34.0881962963778     
   34.6677945283422     
   35.0833777557521     
   35.2894684525398     
   35.6515477622001     
   36.3809714158746     
   36.5781790654077     
   36.7147984692766     
   38.0086857983804     
   39.9790716245884     
   41.6606844406647     
   41.7547231337831     
   42.8565573350914     
   43.0818153260782     
   43.7028982452159     
   43.9791473183215     
   46.0007994788338     
   46.5176004598332     
   47.1302452704301     
   47.6508167461203     
   47.8681340737878     
   48.3946147339042     
   48.8442569269292     
   49.3058899941936     
   51.7255008398990     
   53.8658154117630     
   54.0757989799837     
   54.5236038013330     
   55.4510748868957     
   55.5714354888137     
   55.8735857887954     
   56.1695656064030     
   56.9408441772558     
   57.6864693108593     
   57.8877869587893     
   58.0625964849046     
   59.1167084076545     
   62.1850895941388     
   62.3287476630319     
   65.4985900937123     
   66.4236380919137     
   67.6214989121091     
   72.8252903110025     
