           1         369
           2         738
           3         738
           4         369
           5         738
           6         369
           7         738
           8         369
           9         369
          10         738
          11         738
          12         369
          13        1884
          14         942
          15        1884
          16        1884
          17         942
          18         942
          19        1884
          20         942
          21        1884
          22         942
          23        1884
          24         942
          25        1884
          26         942
          27        1884
          28         942
          29        1884
          30         942
          31        1884
          32         942
          33         942
          34        1884
          35        1884
          36         942
          37         942
          38        1884
          39         942
          40        1884
          41        1884
          42        1884
          43         942
          44         942
          45        1071
          46        2142
          47        2142
          48        1071
          49        2142
          50        1071
          51        1071
          52        2142
          53        1071
          54        2142
          55        1071
          56        2142
          57        2142
          58        1071
          59        2142
          60        1071
          61        2142
          62        1071
          63        2142
          64        2142
          65        1071
          66        2142
          67        1071
          68        1071
          69        1071
          70        2142
          71        2142
          72        1071
          73        1071
          74        2142
          75        2142
          76        1071
          77         831
          78        1662
          79        1662
          80         831
          81         831
          82        1662
          83        1662
          84         831
          85         831
          86        1662
          87         831
          88        1662
          89        1662
          90        1662
          91         831
          92         831
          93         831
          94        1662
          95        1662
          96         831
          97         831
          98        1662
          99        1662
         100         831
         101         405
         102         810
         103         810
         104         405
         105         405
         106         810
         107         810
         108         405
         109         405
         110         810
         111         810
         112         405
         113         357
         114         714
         115         714
         116         357
         117         357
         118         714
         119         714
         120         357
         121         714
         122         357
         123         714
         124         357
         125         867
         126         867
         127        1734
         128        1734
         129        1734
         130        1734
         131         867
         132         867
         133         867
         134         867
         135        1734
         136        1734
         137        1734
         138        1734
         139         867
         140         867
         141         867
         142        1734
         143        1734
         144         867
         145        1734
         146         867
         147        1734
         148         867
         149        1044
         150        2088
         151        2088
         152        1044
         153        1044
         154        1044
         155        2088
         156        2088
         157        1044
         158        2088
         159        2088
         160        2088
         161        1044
         162        1044
         163        2088
         164        1044
         165        2088
         166        1044
         167        2088
         168        1044
         169        2088
         170        1044
         171        2088
         172        1044
         173        1044
         174        2088
         175        2088
         176        1044
         177         825
         178        1650
         179        1650
         180         825
         181         825
         182        1650
         183         825
         184        1650
         185        1650
         186         825
         187        1650
         188         825
         189         825
         190        1650
         191        1650
         192         825
         193         825
         194        1650
         195        1650
         196         825
         197         348
         198         696
         199         696
         200         348
         201         348
         202         696
         203         696
         204         348
         205         144
         206         288
         207         288
         208         144
