           1         918
           2        1836
           3        1836
           4         918
           5        1836
           6         918
           7        1836
           8         918
           9         918
          10        1836
          11        1836
          12         918
          13        9888
          14        4944
          15        9888
          16        9888
          17        4944
          18        4944
          19        9888
          20        4944
          21        9888
          22        4944
          23        9888
          24        4944
          25        9888
          26        4944
          27        9888
          28        4944
          29        9888
          30        4944
          31        9888
          32        4944
          33        4944
          34        9888
          35        9888
          36        4944
          37        4944
          38        9888
          39        4944
          40        9888
          41        9888
          42        9888
          43        4944
          44        4944
          45        5859
          46       11718
          47       11718
          48        5859
          49       11718
          50        5859
          51        5859
          52       11718
          53        5859
          54       11718
          55        5859
          56       11718
          57       11718
          58        5859
          59       11718
          60        5859
          61       11718
          62        5859
          63       11718
          64       11718
          65        5859
          66       11718
          67        5859
          68        5859
          69        5859
          70       11718
          71       11718
          72        5859
          73        5859
          74       11718
          75       11718
          76        5859
          77        5388
          78       10776
          79       10776
          80        5388
          81        5388
          82       10776
          83       10776
          84        5388
          85        5388
          86       10776
          87        5388
          88       10776
          89       10776
          90       10776
          91        5388
          92        5388
          93        5388
          94       10776
          95       10776
          96        5388
          97        5388
          98       10776
          99       10776
         100        5388
         101        3744
         102        7488
         103        7488
         104        3744
         105        3744
         106        7488
         107        7488
         108        3744
         109        3744
         110        7488
         111        7488
         112        3744
         113         918
         114        1836
         115        1836
         116         918
         117         918
         118        1836
         119        1836
         120         918
         121        1836
         122         918
         123        1836
         124         918
         125        2838
         126        2838
         127        5676
         128        5676
         129        5676
         130        5676
         131        2838
         132        2838
         133        2838
         134        2838
         135        5676
         136        5676
         137        5676
         138        5676
         139        2838
         140        2838
         141        2838
         142        5676
         143        5676
         144        2838
         145        5676
         146        2838
         147        5676
         148        2838
         149        6027
         150       12054
         151       12054
         152        6027
         153        6027
         154        6027
         155       12054
         156       12054
         157        6027
         158       12054
         159       12054
         160       12054
         161        6027
         162        6027
         163       12054
         164        6027
         165       12054
         166        6027
         167       12054
         168        6027
         169       12054
         170        6027
         171       12054
         172        6027
         173        6027
         174       12054
         175       12054
         176        6027
         177        4779
         178        9558
         179        9558
         180        4779
         181        4779
         182        9558
         183        4779
         184        9558
         185        9558
         186        4779
         187        9558
         188        4779
         189        4779
         190        9558
         191        9558
         192        4779
         193        4779
         194        9558
         195        9558
         196        4779
         197        1634
         198        3270
         199        3270
         200        1634
         201        1634
         202        3270
         203        3270
         204        1634
         205        1386
         206        2772
         207        2772
         208        1386
