           0           7           1           0
           0           7           2           0
           0           7           3           0
           0           7           4           0
           0           7           5           0
           0           7           6           0
           0           7           7           0
           0           7           8           0
           0           7           9           0
           0           7          10           0
           0           7          11           0
           0           7          12           0
           0           7          13           0
           0           7          14           0
           0           7          15           0
           0           7          16           0
           0           7          17           0
           0           7          18           0
           0           7          19           0
           0           7          20           0
           1           7           1           0
           1           7           2           0
           1           7           3           0
           1           7           4           0
           1           7           5           0
           1           7           6           0
           1           7           7           0
           1           7           8           0
           1           7           9           0
           1           7          10           0
           1           7          11           0
           1           7          12           0
           1           7          13           0
           1           7          14           0
           1           7          15           0
           1           7          16           0
           1           7          17           0
           1           7          18           0
           1           7          19           0
           1           7          20           0
           2           7           1           0
           2           7           2           0
           2           7           3           0
           2           7           4           0
           2           7           5           0
           2           7           6           0
           2           7           7           0
           2           7           8           0
           2           7           9           0
           2           7          10           0
           2           7          11           0
           2           7          12           0
           2           7          13           0
           2           7          14           0
           2           7          15           0
           2           7          16           0
           2           7          17           0
           2           7          18           0
           2           7          19           0
           2           7          20           0
           3           7           1           0
           3           7           2           0
           3           7           3           0
           3           7           4           0
           3           7           5           0
           3           7           6           0
           3           7           7           0
           3           7           8           0
           3           7           9           0
           3           7          10           0
           3           7          11           0
           3           7          12           0
           3           7          13           0
           3           7          14           0
           3           7          15           0
           3           7          16           0
           3           7          17           0
           3           7          18           0
           3           7          19           0
           3           7          20           0
           4           7           1           0
           4           7           2           0
           4           7           3           0
           4           7           4           0
           4           7           5           0
           4           7           6           0
           4           7           7           0
           4           7           8           0
           4           7           9           0
           4           7          10           0
           4           7          11           0
           4           7          12           0
           4           7          13           0
           4           7          14           0
           4           7          15           0
           4           7          16           0
           4           7          17           0
           4           7          18           0
           4           7          19           0
           4           7          20           0
           5           7           1           0
           5           7           2           0
           5           7           3           0
           5           7           4           0
           5           7           5           0
           5           7           6           0
           5           7           7           0
           5           7           8           0
           5           7           9           0
           5           7          10           0
           5           7          11           0
           5           7          12           0
           5           7          13           0
           5           7          14           0
           5           7          15           0
           5           7          16           0
           5           7          17           0
           5           7          18           0
           5           7          19           0
           5           7          20           0
           6           7           1           0
           6           7           2           0
           6           7           3           0
           6           7           4           0
           6           7           5           0
           6           7           6           0
           6           7           7           0
           6           7           8           0
           6           7           9           0
           6           7          10           0
           6           7          11           0
           6           7          12           0
           6           7          13           0
           6           7          14           0
           6           7          15           0
           6           7          16           0
           6           7          17           0
           6           7          18           0
           6           7          19           0
           6           7          20           0
           7           7           1           0
           7           7           2           0
           7           7           3           0
           7           7           4           0
           7           7           5           0
           7           7           6           0
           7           7           7           0
           7           7           8           0
           7           7           9           0
           7           7          10           0
           7           7          11           0
           7           7          12           0
           7           7          13           0
           7           7          14           0
           7           7          15           0
           7           7          16           0
           7           7          17           0
           7           7          18           0
           7           7          19           0
           7           7          20           0
