 
  SVD 
  0.629363130214615       0.533222150306416     
  -0.00301   0.01098   0.04030  -0.00284   0.00204  -0.00038   0.00164  -0.00186  -0.00010   0.00040  -0.00073  -0.00279  -0.00004   0.00031  -0.00117   0.00026   0.00007  -0.00007   0.00015  -0.00000   0.00001  -0.00005  -0.00825  -0.00079   0.00699  -0.13861   0.07180   0.08247  -0.01747   0.00272  -0.00090  -0.00464  -0.01082  -0.00414  -0.00310   0.00056   0.08975   0.00605  -0.21262  -0.03275   0.03251   0.00314  -0.05032  -0.03190  -0.03034  -0.00194   0.00195   0.45579  -0.53350  -0.11778  -0.00353  -0.00257   0.08849  -0.11115  -0.03144   0.02902  -0.01063  -0.12066  -0.06384  -0.09176  -0.03205   0.03146   0.02125   0.00498  -0.00071   0.00464   0.08410   0.11294   0.55262   0.14414   0.01566  -0.02874  -0.03305  -0.01333   0.01251   0.00912  -0.00144
   0.00108   0.00104   0.00252  -0.00150   0.00741   0.00274  -0.03527   0.01493  -0.00080   0.00035   0.00184   0.00103  -0.00589  -0.00994   0.02747  -0.00545  -0.00278   0.00059  -0.00157   0.00056  -0.00035   0.00031  -0.00036  -0.06452  -0.00153   0.06306  -0.00176   0.14991  -0.07835  -0.24775   0.13299   0.08083   0.02499  -0.05184   0.01686  -0.00321   0.03045  -0.06251   0.05433  -0.26939  -0.35841   0.04081   0.01799   0.03345   0.00956   0.00659  -0.00414   0.08156   0.02257   0.28130  -0.53189  -0.20315  -0.09290  -0.17163  -0.19120  -0.01299   0.00303  -0.03995  -0.00427   0.12028   0.27623   0.05126  -0.16462  -0.04570  -0.00898  -0.00654   0.00634   0.00927   0.01355   0.02145  -0.09975  -0.00034  -0.17926   0.05471   0.06324   0.00328  -0.00342
   0.00012  -0.04038   0.99839   0.00012  -0.00010   0.00001   0.00002   0.00004   0.00001  -0.00002   0.00002   0.00011   0.00002   0.00001  -0.00002   0.00000   0.00000   0.00000  -0.00000  -0.00000   0.00000   0.00000   0.00033   0.00019  -0.00027   0.00537  -0.00286  -0.00366   0.00089   0.00050  -0.00029  -0.00002   0.00037   0.00029   0.00008  -0.00001  -0.00365  -0.00009   0.00834   0.00197  -0.00041  -0.00023   0.00196   0.00119   0.00119   0.00006  -0.00007  -0.01837   0.02121   0.00400   0.00146   0.00061  -0.00330   0.00486   0.00173  -0.00112   0.00042   0.00491   0.00256   0.00336   0.00059  -0.00138  -0.00044  -0.00009   0.00005  -0.00017  -0.00337  -0.00453  -0.02206  -0.00580  -0.00038   0.00115   0.00176   0.00040  -0.00066  -0.00037   0.00007
   0.00131   0.00293   0.00012   0.99999   0.00002   0.00000  -0.00005   0.00002  -0.00000   0.00000   0.00000  -0.00001  -0.00001  -0.00001   0.00004  -0.00001  -0.00000   0.00000  -0.00000   0.00000  -0.00000   0.00000  -0.00002  -0.00010   0.00002  -0.00030   0.00020   0.00046  -0.00017  -0.00036   0.00020   0.00011   0.00001  -0.00009   0.00002  -0.00000   0.00030  -0.00008  -0.00052  -0.00050  -0.00045   0.00007  -0.00011  -0.00004  -0.00007   0.00000  -0.00000   0.00140  -0.00147   0.00009  -0.00081  -0.00031   0.00011  -0.00057  -0.00037   0.00006  -0.00003  -0.00040  -0.00019  -0.00008   0.00032   0.00017  -0.00019  -0.00005  -0.00002   0.00000   0.00025   0.00033   0.00157   0.00044  -0.00011  -0.00008  -0.00036   0.00004   0.00013   0.00003  -0.00001
  -0.00726  -0.00252  -0.00010   0.00002   0.99994  -0.00002   0.00026  -0.00011   0.00001  -0.00000  -0.00001  -0.00000   0.00004   0.00007  -0.00020   0.00004   0.00002  -0.00000   0.00001  -0.00000   0.00000  -0.00000   0.00002   0.00048  -0.00000  -0.00018  -0.00013  -0.00128   0.00062   0.00183  -0.00098  -0.00059  -0.00016   0.00039  -0.00012   0.00002  -0.00041   0.00045   0.00003   0.00206   0.00259  -0.00031  -0.00003  -0.00018  -0.00001  -0.00004   0.00003  -0.00153   0.00092  -0.00184   0.00394   0.00151   0.00051   0.00150   0.00148   0.00004  -0.00000   0.00054   0.00016  -0.00070  -0.00198  -0.00044   0.00117   0.00033   0.00007   0.00004  -0.00022  -0.00030  -0.00123  -0.00045   0.00071   0.00006   0.00139  -0.00038  -0.00049  -0.00004   0.00003
  -0.00276   0.00020   0.00001   0.00000  -0.00002   0.99999   0.00010  -0.00004   0.00000  -0.00000  -0.00001  -0.00000   0.00002   0.00003  -0.00008   0.00002   0.00001  -0.00000   0.00000  -0.00000   0.00000  -0.00000  -0.00000   0.00018   0.00001  -0.00022   0.00003  -0.00038   0.00021   0.00068  -0.00036  -0.00022  -0.00007   0.00014  -0.00005   0.00001  -0.00005   0.00017  -0.00023   0.00073   0.00099  -0.00011  -0.00007  -0.00010  -0.00004  -0.00002   0.00001  -0.00005  -0.00026  -0.00081   0.00146   0.00056   0.00029   0.00043   0.00051   0.00005  -0.00001   0.00006  -0.00001  -0.00036  -0.00077  -0.00013   0.00046   0.00013   0.00002   0.00002   0.00001   0.00002   0.00017  -0.00001   0.00028  -0.00001   0.00048  -0.00015  -0.00017  -0.00001   0.00001
   0.03530   0.00066   0.00003  -0.00005   0.00026   0.00010   0.99875   0.00053  -0.00003   0.00001   0.00007   0.00004  -0.00021  -0.00035   0.00097  -0.00019  -0.00010   0.00002  -0.00006   0.00002  -0.00001   0.00001   0.00000  -0.00227  -0.00006   0.00244  -0.00017   0.00515  -0.00273  -0.00873   0.00469   0.00285   0.00090  -0.00182   0.00060  -0.00011   0.00093  -0.00221   0.00224  -0.00944  -0.01268   0.00143   0.00071   0.00123   0.00038   0.00024  -0.00015   0.00217   0.00162   0.01009  -0.01873  -0.00715  -0.00341  -0.00587  -0.00669  -0.00050   0.00012  -0.00122  -0.00005   0.00438   0.00978   0.00176  -0.00583  -0.00162  -0.00032  -0.00024   0.00009   0.00015  -0.00038   0.00053  -0.00354   0.00003  -0.00626   0.00195   0.00221   0.00010  -0.00012
  -0.01502   0.00089   0.00004   0.00002  -0.00011  -0.00004   0.00053   0.99977   0.00001  -0.00000  -0.00003  -0.00002   0.00009   0.00015  -0.00041   0.00008   0.00004  -0.00001   0.00002  -0.00001   0.00001  -0.00000  -0.00001   0.00096   0.00004  -0.00119   0.00016  -0.00209   0.00114   0.00370  -0.00199  -0.00121  -0.00039   0.00077  -0.00026   0.00005  -0.00029   0.00094  -0.00120   0.00396   0.00541  -0.00060  -0.00036  -0.00056  -0.00020  -0.00010   0.00007  -0.00039  -0.00130  -0.00441   0.00793   0.00303   0.00155   0.00236   0.00280   0.00025  -0.00006   0.00038  -0.00005  -0.00196  -0.00418  -0.00071   0.00249   0.00069   0.00013   0.00011   0.00006   0.00007   0.00080  -0.00006   0.00152  -0.00005   0.00261  -0.00084  -0.00092  -0.00003   0.00005
   0.00079   0.00016   0.00001  -0.00000   0.00001   0.00000  -0.00003   0.00001   1.00000   0.00000   0.00000   0.00000  -0.00000  -0.00001   0.00002  -0.00000  -0.00000   0.00000  -0.00000   0.00000  -0.00000   0.00000  -0.00000  -0.00005  -0.00000   0.00004   0.00001   0.00013  -0.00006  -0.00020   0.00011   0.00006   0.00002  -0.00004   0.00001  -0.00000   0.00003  -0.00005   0.00002  -0.00022  -0.00028   0.00003   0.00001   0.00002   0.00000   0.00001  -0.00000   0.00011  -0.00004   0.00021  -0.00043  -0.00016  -0.00006  -0.00015  -0.00016  -0.00001   0.00000  -0.00004  -0.00001   0.00009   0.00022   0.00004  -0.00013  -0.00004  -0.00001  -0.00000   0.00001   0.00002   0.00007   0.00003  -0.00008  -0.00000  -0.00015   0.00004   0.00005   0.00000  -0.00000
  -0.00032  -0.00042  -0.00002   0.00000  -0.00000  -0.00000   0.00001  -0.00000   0.00000   1.00000  -0.00000   0.00000   0.00000   0.00000  -0.00001   0.00000   0.00000  -0.00000   0.00000  -0.00000   0.00000  -0.00000   0.00000   0.00002  -0.00000   0.00003  -0.00003  -0.00008   0.00003   0.00008  -0.00005  -0.00003  -0.00000   0.00002  -0.00000   0.00000  -0.00005   0.00002   0.00006   0.00011   0.00011  -0.00002   0.00001   0.00000   0.00001  -0.00000   0.00000  -0.00021   0.00020  -0.00005   0.00018   0.00007  -0.00000   0.00010   0.00008  -0.00001   0.00000   0.00006   0.00003  -0.00001  -0.00008  -0.00003   0.00005   0.00001   0.00000   0.00000  -0.00004  -0.00005  -0.00022  -0.00006   0.00003   0.00001   0.00007  -0.00001  -0.00003  -0.00000   0.00000
  -0.00188   0.00061   0.00002   0.00000  -0.00001  -0.00001   0.00007  -0.00003   0.00000  -0.00000   1.00000  -0.00000   0.00001   0.00002  -0.00005   0.00001   0.00001  -0.00000   0.00000  -0.00000   0.00000  -0.00000  -0.00001   0.00012   0.00001  -0.00021   0.00005  -0.00022   0.00013   0.00046  -0.00024  -0.00015  -0.00005   0.00009  -0.00003   0.00001   0.00001   0.00012  -0.00025   0.00047   0.00068  -0.00007  -0.00007  -0.00008  -0.00004  -0.00001   0.00001   0.00018  -0.00042  -0.00060   0.00097   0.00037   0.00023   0.00024   0.00033   0.00004  -0.00001  -0.00001  -0.00004  -0.00029  -0.00053  -0.00007   0.00032   0.00009   0.00002   0.00002   0.00005   0.00006   0.00037   0.00006   0.00019  -0.00002   0.00031  -0.00011  -0.00011   0.00000   0.00001
  -0.00121   0.00272   0.00011  -0.00001  -0.00000  -0.00000   0.00004  -0.00002   0.00000   0.00000  -0.00000   0.99999   0.00001   0.00001  -0.00003   0.00001   0.00000  -0.00000   0.00000  -0.00000   0.00000  -0.00000  -0.00002   0.00006   0.00002  -0.00045   0.00020   0.00007   0.00003   0.00026  -0.00014  -0.00010  -0.00006   0.00004  -0.00003   0.00000   0.00022   0.00008  -0.00064   0.00019   0.00046  -0.00003  -0.00016  -0.00012  -0.00009  -0.00001   0.00001   0.00117  -0.00150  -0.00061   0.00054   0.00020   0.00034  -0.00013   0.00011   0.00009  -0.00003  -0.00029  -0.00017  -0.00038  -0.00037   0.00003   0.00023   0.00006   0.00001   0.00002   0.00023   0.00030   0.00151   0.00038   0.00015  -0.00008   0.00009  -0.00009  -0.00003   0.00002  -0.00000
   0.00587   0.00042   0.00002  -0.00001   0.00004   0.00002  -0.00021   0.00009  -0.00000   0.00000   0.00001   0.00001   0.99997  -0.00006   0.00016  -0.00003  -0.00002   0.00000  -0.00001   0.00000  -0.00000   0.00000  -0.00000  -0.00038  -0.00001   0.00036  -0.00001   0.00089  -0.00046  -0.00146   0.00078   0.00048   0.00015  -0.00031   0.00010  -0.00002   0.00018  -0.00037   0.00031  -0.00159  -0.00211   0.00024   0.00010   0.00020   0.00005   0.00004  -0.00002   0.00050   0.00011   0.00165  -0.00313  -0.00120  -0.00054  -0.00102  -0.00113  -0.00007   0.00002  -0.00024  -0.00003   0.00070   0.00162   0.00030  -0.00097  -0.00027  -0.00005  -0.00004   0.00004   0.00006   0.00011   0.00013  -0.00059  -0.00000  -0.00106   0.00032   0.00037   0.00002  -0.00002
   0.00994   0.00034   0.00001  -0.00001   0.00007   0.00003  -0.00035   0.00015  -0.00001   0.00000   0.00002   0.00001  -0.00006   0.99990   0.00027  -0.00005  -0.00003   0.00001  -0.00002   0.00001  -0.00000   0.00000  -0.00000  -0.00064  -0.00002   0.00066  -0.00004   0.00146  -0.00077  -0.00246   0.00132   0.00080   0.00025  -0.00051   0.00017  -0.00003   0.00028  -0.00062   0.00060  -0.00266  -0.00357   0.00040   0.00019   0.00034   0.00010   0.00007  -0.00004   0.00068   0.00037   0.00283  -0.00528  -0.00202  -0.00095  -0.00167  -0.00189  -0.00014   0.00003  -0.00036  -0.00002   0.00122   0.00275   0.00050  -0.00164  -0.00046  -0.00009  -0.00007   0.00004   0.00006  -0.00002   0.00017  -0.00099   0.00000  -0.00177   0.00055   0.00062   0.00003  -0.00003
  -0.02749  -0.00062  -0.00002   0.00004  -0.00020  -0.00008   0.00097  -0.00041   0.00002  -0.00001  -0.00005  -0.00003   0.00016   0.00027   0.99924   0.00015   0.00008  -0.00002   0.00004  -0.00002   0.00001  -0.00001   0.00000   0.00177   0.00005  -0.00188   0.00013  -0.00402   0.00213   0.00680  -0.00365  -0.00222  -0.00070   0.00142  -0.00047   0.00009  -0.00074   0.00172  -0.00172   0.00736   0.00987  -0.00112  -0.00055  -0.00095  -0.00030  -0.00018   0.00012  -0.00174  -0.00120  -0.00785   0.01459   0.00557   0.00265   0.00459   0.00521   0.00039  -0.00009   0.00096   0.00005  -0.00340  -0.00762  -0.00137   0.00454   0.00126   0.00025   0.00018  -0.00008  -0.00013   0.00023  -0.00043   0.00275  -0.00002   0.00488  -0.00152  -0.00172  -0.00008   0.00009
   0.00546   0.00010   0.00000  -0.00001   0.00004   0.00002  -0.00019   0.00008  -0.00000   0.00000   0.00001   0.00001  -0.00003  -0.00005   0.00015   0.99997  -0.00002   0.00000  -0.00001   0.00000  -0.00000   0.00000   0.00000  -0.00035  -0.00001   0.00038  -0.00003   0.00080  -0.00042  -0.00135   0.00072   0.00044   0.00014  -0.00028   0.00009  -0.00002   0.00014  -0.00034   0.00035  -0.00146  -0.00196   0.00022   0.00011   0.00019   0.00006   0.00004  -0.00002   0.00033   0.00025   0.00156  -0.00290  -0.00111  -0.00053  -0.00091  -0.00103  -0.00008   0.00002  -0.00019  -0.00001   0.00068   0.00151   0.00027  -0.00090  -0.00025  -0.00005  -0.00004   0.00001   0.00002  -0.00006   0.00008  -0.00055   0.00001  -0.00097   0.00030   0.00034   0.00002  -0.00002
   0.00278   0.00011   0.00000  -0.00000   0.00002   0.00001  -0.00010   0.00004  -0.00000   0.00000   0.00001   0.00000  -0.00002  -0.00003   0.00008  -0.00002   0.99999   0.00000  -0.00000   0.00000  -0.00000   0.00000  -0.00000  -0.00018  -0.00000   0.00018  -0.00001   0.00041  -0.00022  -0.00069   0.00037   0.00022   0.00007  -0.00014   0.00005  -0.00001   0.00008  -0.00017   0.00016  -0.00075  -0.00100   0.00011   0.00005   0.00009   0.00003   0.00002  -0.00001   0.00020   0.00010   0.00079  -0.00148  -0.00056  -0.00026  -0.00047  -0.00053  -0.00004   0.00001  -0.00010  -0.00001   0.00034   0.00077   0.00014  -0.00046  -0.00013  -0.00002  -0.00002   0.00001   0.00002   0.00000   0.00005  -0.00028   0.00000  -0.00050   0.00015   0.00017   0.00001  -0.00001
  -0.00059   0.00003   0.00000   0.00000  -0.00000  -0.00000   0.00002  -0.00001   0.00000  -0.00000  -0.00000  -0.00000   0.00000   0.00001  -0.00002   0.00000   0.00000   1.00000   0.00000  -0.00000   0.00000  -0.00000  -0.00000   0.00004   0.00000  -0.00005   0.00001  -0.00008   0.00004   0.00015  -0.00008  -0.00005  -0.00002   0.00003  -0.00001   0.00000  -0.00001   0.00004  -0.00005   0.00016   0.00021  -0.00002  -0.00001  -0.00002  -0.00001  -0.00000   0.00000  -0.00002  -0.00005  -0.00017   0.00031   0.00012   0.00006   0.00009   0.00011   0.00001  -0.00000   0.00001  -0.00000  -0.00008  -0.00016  -0.00003   0.00010   0.00003   0.00001   0.00000   0.00000   0.00000   0.00003  -0.00000   0.00006  -0.00000   0.00010  -0.00003  -0.00004  -0.00000   0.00000
   0.00157  -0.00005  -0.00000  -0.00000   0.00001   0.00000  -0.00006   0.00002  -0.00000   0.00000   0.00000   0.00000  -0.00001  -0.00002   0.00004  -0.00001  -0.00000   0.00000   1.00000   0.00000  -0.00000   0.00000   0.00000  -0.00010  -0.00000   0.00012  -0.00001   0.00022  -0.00012  -0.00039   0.00021   0.00013   0.00004  -0.00008   0.00003  -0.00001   0.00003  -0.00010   0.00012  -0.00042  -0.00057   0.00006   0.00004   0.00006   0.00002   0.00001  -0.00001   0.00006   0.00011   0.00046  -0.00083  -0.00032  -0.00016  -0.00025  -0.00029  -0.00002   0.00001  -0.00005   0.00000   0.00020   0.00044   0.00008  -0.00026  -0.00007  -0.00001  -0.00001  -0.00000  -0.00000  -0.00006   0.00001  -0.00016   0.00000  -0.00028   0.00009   0.00010   0.00000  -0.00001
  -0.00056  -0.00003  -0.00000   0.00000  -0.00000  -0.00000   0.00002  -0.00001   0.00000  -0.00000  -0.00000  -0.00000   0.00000   0.00001  -0.00002   0.00000   0.00000  -0.00000   0.00000   1.00000   0.00000  -0.00000   0.00000   0.00004   0.00000  -0.00004   0.00000  -0.00008   0.00004   0.00014  -0.00007  -0.00004  -0.00001   0.00003  -0.00001   0.00000  -0.00002   0.00003  -0.00003   0.00015   0.00020  -0.00002  -0.00001  -0.00002  -0.00001  -0.00000   0.00000  -0.00004  -0.00001  -0.00016   0.00030   0.00011   0.00005   0.00010   0.00011   0.00001  -0.00000   0.00002   0.00000  -0.00007  -0.00015  -0.00003   0.00009   0.00003   0.00000   0.00000  -0.00000  -0.00000  -0.00001  -0.00001   0.00006   0.00000   0.00010  -0.00003  -0.00004  -0.00000   0.00000
   0.00035   0.00002   0.00000  -0.00000   0.00000   0.00000  -0.00001   0.00001  -0.00000   0.00000   0.00000   0.00000  -0.00000  -0.00000   0.00001  -0.00000  -0.00000   0.00000  -0.00000   0.00000   1.00000   0.00000  -0.00000  -0.00002  -0.00000   0.00002  -0.00000   0.00005  -0.00003  -0.00009   0.00005   0.00003   0.00001  -0.00002   0.00001  -0.00000   0.00001  -0.00002   0.00002  -0.00009  -0.00013   0.00001   0.00001   0.00001   0.00000   0.00000  -0.00000   0.00003   0.00001   0.00010  -0.00019  -0.00007  -0.00003  -0.00006  -0.00007  -0.00000   0.00000  -0.00001  -0.00000   0.00004   0.00010   0.00002  -0.00006  -0.00002  -0.00000  -0.00000   0.00000   0.00000   0.00000   0.00001  -0.00003   0.00000  -0.00006   0.00002   0.00002   0.00000  -0.00000
  -0.00031   0.00003   0.00000   0.00000  -0.00000  -0.00000   0.00001  -0.00000   0.00000  -0.00000  -0.00000  -0.00000   0.00000   0.00000  -0.00001   0.00000   0.00000  -0.00000   0.00000  -0.00000   0.00000   1.00000  -0.00000   0.00002   0.00000  -0.00003   0.00000  -0.00004   0.00002   0.00008  -0.00004  -0.00003  -0.00001   0.00002  -0.00001   0.00000  -0.00000   0.00002  -0.00003   0.00008   0.00011  -0.00001  -0.00001  -0.00001  -0.00000  -0.00000   0.00000  -0.00000  -0.00004  -0.00009   0.00016   0.00006   0.00003   0.00005   0.00006   0.00001  -0.00000   0.00001  -0.00000  -0.00004  -0.00009  -0.00001   0.00005   0.00001   0.00000   0.00000   0.00000   0.00000   0.00003   0.00000   0.00003  -0.00000   0.00005  -0.00002  -0.00002  -0.00000   0.00000
  -0.00018   0.00825   0.00033  -0.00002   0.00002  -0.00000   0.00000  -0.00001  -0.00000   0.00000  -0.00001  -0.00002  -0.00000  -0.00000   0.00000   0.00000  -0.00000  -0.00000   0.00000   0.00000  -0.00000  -0.00000   0.99993  -0.00003   0.00006  -0.00111   0.00058   0.00073  -0.00017  -0.00006   0.00004  -0.00001  -0.00008  -0.00005  -0.00002   0.00000   0.00074   0.00003  -0.00171  -0.00036   0.00014   0.00004  -0.00040  -0.00025  -0.00024  -0.00001   0.00001   0.00375  -0.00434  -0.00086  -0.00022  -0.00009   0.00069  -0.00097  -0.00032   0.00023  -0.00009  -0.00100  -0.00052  -0.00071  -0.00016   0.00027   0.00012   0.00002  -0.00001   0.00004   0.00069   0.00092   0.00451   0.00118   0.00009  -0.00023  -0.00033  -0.00009   0.00012   0.00008  -0.00001
   0.06433   0.00500   0.00020  -0.00010   0.00048   0.00018  -0.00227   0.00096  -0.00005   0.00002   0.00012   0.00006  -0.00038  -0.00064   0.00177  -0.00035  -0.00018   0.00004  -0.00010   0.00004  -0.00002   0.00002  -0.00003   0.99584  -0.00009   0.00393  -0.00005   0.00974  -0.00507  -0.01596   0.00857   0.00520   0.00160  -0.00334   0.00108  -0.00021   0.00205  -0.00402   0.00330  -0.01739  -0.02307   0.00263   0.00111   0.00213   0.00059   0.00042  -0.00027   0.00568   0.00096   0.01802  -0.03428  -0.01309  -0.00590  -0.01116  -0.01235  -0.00081   0.00019  -0.00269  -0.00033   0.00767   0.01777   0.00333  -0.01059  -0.00294  -0.00058  -0.00042   0.00049   0.00070   0.00139   0.00152  -0.00641  -0.00005  -0.01158   0.00351   0.00409   0.00022  -0.00022
   0.00199  -0.00687  -0.00027   0.00002  -0.00000   0.00001  -0.00007   0.00004  -0.00000  -0.00000   0.00001   0.00002  -0.00001  -0.00002   0.00005  -0.00001  -0.00000   0.00000  -0.00000   0.00000  -0.00000   0.00000   0.00006  -0.00009   0.99995   0.00105  -0.00050  -0.00034   0.00000  -0.00040   0.00021   0.00016   0.00011  -0.00005   0.00005  -0.00001  -0.00057  -0.00014   0.00155  -0.00019  -0.00078   0.00004   0.00038   0.00027   0.00022   0.00002  -0.00002  -0.00302   0.00372   0.00125  -0.00079  -0.00030  -0.00075   0.00050  -0.00008  -0.00022   0.00008   0.00077   0.00043   0.00082   0.00065  -0.00014  -0.00040  -0.00010  -0.00001  -0.00004  -0.00057  -0.00077  -0.00380  -0.00096  -0.00026   0.00020  -0.00005   0.00018   0.00001  -0.00006   0.00000
  -0.07196   0.13420   0.00536  -0.00029  -0.00019  -0.00023   0.00245  -0.00120   0.00004   0.00003  -0.00022  -0.00045   0.00037   0.00067  -0.00189   0.00038   0.00019  -0.00005   0.00012  -0.00004   0.00002  -0.00003  -0.00111   0.00396   0.00105   0.97704   0.00994   0.00183   0.00255   0.01601  -0.00852  -0.00574  -0.00306   0.00270  -0.00149   0.00028   0.01037   0.00477  -0.03254   0.01252   0.02707  -0.00215  -0.00803  -0.00648  -0.00476  -0.00068   0.00053   0.05726  -0.07448  -0.03388   0.03309   0.01247   0.01798  -0.00439   0.00776   0.00479  -0.00165  -0.01400  -0.00847  -0.02016  -0.02182   0.00107   0.01330   0.00357   0.00047   0.00105   0.01112   0.01488   0.07482   0.01838   0.00844  -0.00391   0.00679  -0.00528  -0.00228   0.00104   0.00002
   0.00644  -0.07153  -0.00286   0.00020  -0.00013   0.00003  -0.00018   0.00016   0.00001  -0.00003   0.00005   0.00020  -0.00001  -0.00004   0.00013  -0.00003  -0.00001   0.00001  -0.00001   0.00000  -0.00000   0.00000   0.00058  -0.00006  -0.00050   0.00996   0.99490  -0.00558   0.00110  -0.00065   0.00031   0.00048   0.00081   0.00020   0.00025  -0.00005  -0.00632  -0.00054   0.01520   0.00183  -0.00296  -0.00015   0.00361   0.00233   0.00217   0.00015  -0.00015  -0.03221   0.03792   0.00888  -0.00072  -0.00019  -0.00645   0.00758   0.00188  -0.00208   0.00076   0.00849   0.00452   0.00673   0.00278  -0.00214  -0.00181  -0.00044   0.00003  -0.00034  -0.00596  -0.00800  -0.03921  -0.01020  -0.00129   0.00204   0.00202   0.00105  -0.00077  -0.00064   0.00010
  -0.14421  -0.09208  -0.00368   0.00046  -0.00128  -0.00038   0.00514  -0.00208   0.00013  -0.00008  -0.00022   0.00008   0.00088   0.00146  -0.00402   0.00079   0.00041  -0.00008   0.00022  -0.00008   0.00005  -0.00004   0.00073   0.00972  -0.00034   0.00192  -0.00562   0.97081   0.01316   0.03686  -0.01983  -0.01172  -0.00285   0.00810  -0.00227   0.00043  -0.01191   0.00886   0.00928   0.04300   0.05098  -0.00636   0.00143  -0.00239   0.00105  -0.00083   0.00046  -0.04954   0.04032  -0.03245   0.07989   0.03061   0.00666   0.03479   0.03119  -0.00043   0.00042   0.01586   0.00587  -0.01049  -0.03872  -0.01025   0.02290   0.00643   0.00140   0.00060  -0.00784  -0.01064  -0.04729  -0.01502   0.01365   0.00240   0.02954  -0.00710  -0.01049  -0.00124   0.00063
   0.07705   0.02255   0.00090  -0.00017   0.00062   0.00021  -0.00273   0.00114  -0.00006   0.00003   0.00013   0.00003  -0.00046  -0.00077   0.00213  -0.00042  -0.00022   0.00004  -0.00012   0.00004  -0.00003   0.00002  -0.00017  -0.00506   0.00000   0.00251   0.00112   0.01317   0.99356  -0.01934   0.01039   0.00624   0.00177  -0.00413   0.00126  -0.00024   0.00395  -0.00479   0.00054  -0.02165  -0.02748   0.00325   0.00053   0.00206   0.00022   0.00048  -0.00029   0.01434  -0.00755   0.01995  -0.04168  -0.01594  -0.00572  -0.01537  -0.01551  -0.00051   0.00005  -0.00523  -0.00145   0.00781   0.02106   0.00456  -0.01251  -0.00349  -0.00072  -0.00043   0.00196   0.00270   0.01071   0.00420  -0.00753  -0.00053  -0.01460   0.00405   0.00517   0.00042  -0.00029
   0.24740   0.01345   0.00054  -0.00037   0.00183   0.00068  -0.00873   0.00370  -0.00020   0.00008   0.00046   0.00026  -0.00146  -0.00246   0.00680  -0.00135  -0.00069   0.00015  -0.00039   0.00014  -0.00009   0.00008  -0.00007  -0.01596  -0.00039   0.01590  -0.00059   0.03692  -0.01935   0.93868   0.03291   0.02001   0.00621  -0.01282   0.00418  -0.00079   0.00735  -0.01548   0.01390  -0.06660  -0.08876   0.01009   0.00456   0.00835   0.00243   0.00163  -0.00103   0.01921   0.00672   0.06986  -0.13162  -0.05027  -0.02318  -0.04224  -0.04725  -0.00328   0.00077  -0.00963  -0.00092   0.02996   0.06843   0.01262  -0.04078  -0.01132  -0.00222  -0.00163   0.00139   0.00206   0.00218   0.00500  -0.02472  -0.00002  -0.04429   0.01357   0.01562   0.00079  -0.00084
  -0.13276  -0.00778  -0.00031   0.00020  -0.00098  -0.00036   0.00469  -0.00198   0.00011  -0.00005  -0.00024  -0.00014   0.00078   0.00132  -0.00365   0.00072   0.00037  -0.00008   0.00021  -0.00007   0.00005  -0.00004   0.00004   0.00857   0.00021  -0.00846   0.00028  -0.01987   0.01040   0.03291   0.98233  -0.01074  -0.00333   0.00688  -0.00224   0.00043  -0.00399   0.00831  -0.00734   0.03577   0.04763  -0.00542  -0.00242  -0.00446  -0.00129  -0.00088   0.00055  -0.01057  -0.00331  -0.03744   0.07065   0.02698   0.01239   0.02273   0.02538   0.00174  -0.00041   0.00524   0.00053  -0.01603  -0.03671  -0.00679   0.02188   0.00607   0.00119   0.00087  -0.00079  -0.00117  -0.00148  -0.00277   0.01326   0.00003   0.02379  -0.00728  -0.00839  -0.00043   0.00045
  -0.08096  -0.00065  -0.00003   0.00011  -0.00059  -0.00022   0.00285  -0.00121   0.00006  -0.00003  -0.00015  -0.00010   0.00048   0.00080  -0.00222   0.00044   0.00022  -0.00005   0.00013  -0.00004   0.00003  -0.00003  -0.00001   0.00521   0.00015  -0.00570   0.00046  -0.01174   0.00625   0.02001  -0.01074   0.99345  -0.00207   0.00417  -0.00137   0.00026  -0.00206   0.00507  -0.00532   0.02161   0.02908  -0.00328  -0.00167  -0.00284  -0.00091  -0.00054   0.00034  -0.00458  -0.00417  -0.02323   0.04293   0.01639   0.00789   0.01337   0.01530   0.00118  -0.00029   0.00269   0.00006  -0.01011  -0.02244  -0.00400   0.01338   0.00371   0.00072   0.00055  -0.00014  -0.00025   0.00134  -0.00110   0.00812  -0.00010   0.01433  -0.00448  -0.00505  -0.00022   0.00027
  -0.02564   0.00917   0.00037   0.00001  -0.00016  -0.00007   0.00090  -0.00039   0.00002  -0.00000  -0.00005  -0.00006   0.00015   0.00025  -0.00070   0.00014   0.00007  -0.00002   0.00004  -0.00001   0.00001  -0.00001  -0.00008   0.00160   0.00011  -0.00305   0.00081  -0.00287   0.00177   0.00622  -0.00333  -0.00207   0.99926   0.00125  -0.00045   0.00009   0.00019   0.00163  -0.00362   0.00638   0.00930  -0.00099  -0.00098  -0.00117  -0.00056  -0.00019   0.00012   0.00282  -0.00624  -0.00828   0.01324   0.00505   0.00326   0.00310   0.00444   0.00063  -0.00019  -0.00029  -0.00057  -0.00398  -0.00724  -0.00095   0.00434   0.00119   0.00022   0.00021   0.00074   0.00097   0.00554   0.00100   0.00266  -0.00030   0.00412  -0.00151  -0.00145   0.00002   0.00007
   0.05146   0.00752   0.00030  -0.00009   0.00039   0.00014  -0.00182   0.00077  -0.00004   0.00002   0.00009   0.00004  -0.00031  -0.00051   0.00142  -0.00028  -0.00014   0.00003  -0.00008   0.00003  -0.00002   0.00002  -0.00005  -0.00334  -0.00005   0.00268   0.00021   0.00811  -0.00413  -0.01282   0.00688   0.00417   0.00125   0.99730   0.00086  -0.00016   0.00196  -0.00321   0.00192  -0.01409  -0.01842   0.00213   0.00072   0.00160   0.00037   0.00033  -0.00021   0.00614  -0.00108   0.01407  -0.02755  -0.01053  -0.00444  -0.00935  -0.01003  -0.00055   0.00011  -0.00258  -0.00049   0.00584   0.01417   0.00279  -0.00843  -0.00235  -0.00047  -0.00032   0.00068   0.00096   0.00303   0.00172  -0.00510  -0.00014  -0.00942   0.00278   0.00333   0.00021  -0.00018
  -0.01702   0.00199   0.00008   0.00002  -0.00012  -0.00005   0.00060  -0.00026   0.00001  -0.00000  -0.00003  -0.00003   0.00010   0.00017  -0.00047   0.00009   0.00005  -0.00001   0.00003  -0.00001   0.00001  -0.00001  -0.00002   0.00108   0.00005  -0.00148   0.00025  -0.00228   0.00127   0.00418  -0.00224  -0.00138  -0.00045   0.00086   0.99971   0.00006  -0.00024   0.00107  -0.00156   0.00444   0.00613  -0.00068  -0.00046  -0.00066  -0.00025  -0.00012   0.00008   0.00000  -0.00199  -0.00509   0.00895   0.00341   0.00183   0.00255   0.00312   0.00031  -0.00008   0.00031  -0.00012  -0.00230  -0.00475  -0.00077   0.00284   0.00078   0.00015   0.00012   0.00015   0.00019   0.00144   0.00007   0.00173  -0.00008   0.00292  -0.00096  -0.00103  -0.00003   0.00005
   0.00324  -0.00035  -0.00001  -0.00000   0.00002   0.00001  -0.00011   0.00005  -0.00000   0.00000   0.00001   0.00000  -0.00002  -0.00003   0.00009  -0.00002  -0.00001   0.00000  -0.00001   0.00000  -0.00000   0.00000   0.00000  -0.00021  -0.00001   0.00028  -0.00005   0.00043  -0.00024  -0.00080   0.00043   0.00026   0.00009  -0.00016   0.00006   0.99999   0.00005  -0.00020   0.00029  -0.00084  -0.00117   0.00013   0.00009   0.00012   0.00005   0.00002  -0.00001   0.00001   0.00037   0.00097  -0.00170  -0.00065  -0.00035  -0.00049  -0.00060  -0.00006   0.00002  -0.00006   0.00002   0.00044   0.00090   0.00015  -0.00054  -0.00015  -0.00003  -0.00002  -0.00003  -0.00003  -0.00026  -0.00001  -0.00033   0.00001  -0.00056   0.00018   0.00020   0.00001  -0.00001
  -0.02453  -0.09155  -0.00366   0.00030  -0.00041  -0.00005   0.00092  -0.00029   0.00003  -0.00005   0.00001   0.00022   0.00018   0.00027  -0.00073   0.00014   0.00008  -0.00001   0.00003  -0.00002   0.00001  -0.00000   0.00074   0.00203  -0.00057   0.01040  -0.00632  -0.01187   0.00393   0.00727  -0.00395  -0.00204   0.00020   0.00194  -0.00024   0.00005   0.99110   0.00136   0.01724   0.01108   0.00798  -0.00152   0.00392   0.00182   0.00241  -0.00003  -0.00005  -0.04296   0.04671   0.00193   0.01645   0.00639  -0.00504   0.01508   0.00859  -0.00218   0.00085   0.01193   0.00580   0.00450  -0.00553  -0.00435   0.00311   0.00094   0.00034  -0.00021  -0.00766  -0.01031  -0.04950  -0.01345   0.00163   0.00256   0.00837  -0.00047  -0.00303  -0.00091   0.00023
   0.06277  -0.00196  -0.00008  -0.00008   0.00045   0.00017  -0.00221   0.00094  -0.00005   0.00002   0.00012   0.00008  -0.00037  -0.00062   0.00172  -0.00034  -0.00017   0.00004  -0.00010   0.00003  -0.00002   0.00002   0.00003  -0.00402  -0.00014   0.00475  -0.00053   0.00888  -0.00479  -0.01549   0.00831   0.00507   0.00162  -0.00321   0.00107  -0.00020   0.00138   0.99606   0.00463  -0.01663  -0.02257   0.00253   0.00142   0.00227   0.00077   0.00042  -0.00027   0.00243   0.00452   0.01825  -0.03319  -0.01267  -0.00632  -0.01007  -0.01176  -0.00098   0.00025  -0.00179   0.00011   0.00805   0.01744   0.00302  -0.01040  -0.00288  -0.00056  -0.00044  -0.00009  -0.00008  -0.00238   0.00050  -0.00632   0.00015  -0.01100   0.00349   0.00388   0.00015  -0.00020
  -0.06808   0.20862   0.00833  -0.00051   0.00003  -0.00023   0.00227  -0.00121   0.00002   0.00006  -0.00025  -0.00064   0.00031   0.00061  -0.00174   0.00035   0.00017  -0.00005   0.00012  -0.00003   0.00002  -0.00003  -0.00171   0.00335   0.00155  -0.03256   0.01518   0.00916   0.00060   0.01407  -0.00743  -0.00538  -0.00364   0.00195  -0.00157   0.00029   0.01720   0.00468   0.95236   0.00779   0.02636  -0.00156  -0.01155  -0.00853  -0.00690  -0.00077   0.00063   0.09134  -0.11335  -0.04008   0.02823   0.01053   0.02366  -0.01401   0.00381   0.00681  -0.00240  -0.02318  -0.01318  -0.02583  -0.02178   0.00382   0.01343   0.00354   0.00034   0.00133   0.01733   0.02323   0.11539   0.02912   0.00872  -0.00602   0.00282  -0.00578  -0.00082   0.00174  -0.00012
   0.26668   0.05026   0.00201  -0.00050   0.00206   0.00073  -0.00943   0.00396  -0.00022   0.00011   0.00047   0.00018  -0.00159  -0.00266   0.00735  -0.00146  -0.00075   0.00016  -0.00042   0.00015  -0.00009   0.00008  -0.00037  -0.01738  -0.00018   0.01239   0.00190   0.04306  -0.02166  -0.06657   0.03575   0.02159   0.00637  -0.01408   0.00443  -0.00084   0.01116  -0.01662   0.00760   0.92644  -0.09536   0.01108   0.00318   0.00795   0.00157   0.00171  -0.00105   0.03699  -0.01153   0.07180  -0.14322  -0.05474  -0.02207  -0.04984  -0.05248  -0.00254   0.00046  -0.01473  -0.00326   0.02933   0.07326   0.01483  -0.04359  -0.01213  -0.00244  -0.00161   0.00448   0.00622   0.02189   0.01053  -0.02632  -0.00104  -0.04932   0.01428   0.01743   0.00118  -0.00097
   0.35977  -0.00905  -0.00036  -0.00045   0.00259   0.00099  -0.01268   0.00540  -0.00028   0.00011   0.00068   0.00045  -0.00211  -0.00357   0.00987  -0.00196  -0.00100   0.00021  -0.00057   0.00020  -0.00013   0.00011   0.00013  -0.02307  -0.00077   0.02692  -0.00288   0.05109  -0.02751  -0.08879   0.04764   0.02908   0.00929  -0.01843   0.00613  -0.00117   0.00809  -0.02257   0.02611  -0.09542   0.87066   0.01451   0.00802   0.01298   0.00438   0.00242  -0.00154   0.01492   0.02480   0.10441  -0.19032  -0.07265  -0.03603  -0.05797  -0.06747  -0.00556   0.00142  -0.01052   0.00047   0.04594   0.09990   0.01737  -0.05960  -0.01652  -0.00319  -0.00249  -0.00037  -0.00022  -0.01246   0.00316  -0.03620   0.00078  -0.06315   0.02001   0.02225   0.00089  -0.00118
  -0.04052  -0.00579  -0.00023   0.00007  -0.00031  -0.00011   0.00143  -0.00060   0.00003  -0.00002  -0.00007  -0.00003   0.00024   0.00040  -0.00112   0.00022   0.00011  -0.00002   0.00006  -0.00002   0.00001  -0.00001   0.00004   0.00263   0.00004  -0.00213  -0.00016  -0.00637   0.00325   0.01009  -0.00542  -0.00328  -0.00098   0.00213  -0.00068   0.00013  -0.00153   0.00253  -0.00153   0.01108   0.01450   0.99833  -0.00057  -0.00126  -0.00029  -0.00026   0.00016  -0.00478   0.00079  -0.01109   0.02169   0.00829   0.00350   0.00735   0.00789   0.00044  -0.00009   0.00201   0.00038  -0.00461  -0.01116  -0.00219   0.00664   0.00185   0.00037   0.00025  -0.00053  -0.00074  -0.00232  -0.00133   0.00402   0.00011   0.00741  -0.00219  -0.00262  -0.00016   0.00014
  -0.02124   0.04904   0.00196  -0.00011  -0.00003  -0.00007   0.00072  -0.00036   0.00001   0.00001  -0.00007  -0.00016   0.00010   0.00019  -0.00055   0.00011   0.00005  -0.00001   0.00004  -0.00001   0.00001  -0.00001  -0.00040   0.00112   0.00038  -0.00803   0.00360   0.00140   0.00054   0.00460  -0.00244  -0.00169  -0.00099   0.00073  -0.00046   0.00009   0.00391   0.00143  -0.01155   0.00323   0.00807  -0.00058   0.99717  -0.00219  -0.00168  -0.00022   0.00017   0.02119  -0.02693  -0.01093   0.00941   0.00353   0.00607  -0.00243   0.00188   0.00168  -0.00058  -0.00528  -0.00310  -0.00673  -0.00657   0.00064   0.00402   0.00107   0.00013   0.00035   0.00407   0.00545   0.02723   0.00678   0.00258  -0.00142   0.00159  -0.00165  -0.00052   0.00039  -0.00001
  -0.03546   0.02965   0.00118  -0.00004  -0.00018  -0.00010   0.00123  -0.00056   0.00002   0.00000  -0.00008  -0.00012   0.00020   0.00034  -0.00096   0.00019   0.00010  -0.00002   0.00006  -0.00002   0.00001  -0.00001  -0.00025   0.00213   0.00027  -0.00647   0.00232  -0.00242   0.00207   0.00837  -0.00448  -0.00285  -0.00118   0.00160  -0.00066   0.00013   0.00181   0.00228  -0.00851   0.00798   0.01301  -0.00127  -0.00219   0.99788  -0.00127  -0.00028   0.00020   0.01162  -0.01755  -0.01311   0.01768   0.00671   0.00589   0.00224   0.00540   0.00135  -0.00044  -0.00246  -0.00187  -0.00691  -0.01025  -0.00072   0.00617   0.00168   0.00028   0.00036   0.00244   0.00324   0.01694   0.00382   0.00383  -0.00089   0.00495  -0.00225  -0.00172   0.00018   0.00007
  -0.01152   0.02965   0.00118  -0.00007  -0.00001  -0.00004   0.00039  -0.00020   0.00000   0.00001  -0.00004  -0.00009   0.00006   0.00010  -0.00030   0.00006   0.00003  -0.00001   0.00002  -0.00001   0.00000  -0.00000  -0.00024   0.00059   0.00022  -0.00476   0.00217   0.00104   0.00023   0.00246  -0.00130  -0.00091  -0.00056   0.00037  -0.00025   0.00005   0.00240   0.00078  -0.00690   0.00160   0.00441  -0.00030  -0.00168  -0.00128   0.99900  -0.00012   0.00010   0.01289  -0.01621  -0.00623   0.00499   0.00187   0.00354  -0.00169   0.00089   0.00099  -0.00035  -0.00324  -0.00187  -0.00390  -0.00361   0.00045   0.00221   0.00059   0.00006   0.00020   0.00246   0.00330   0.01644   0.00412   0.00143  -0.00086   0.00073  -0.00092  -0.00023   0.00024  -0.00001
  -0.00670   0.00151   0.00006   0.00000  -0.00004  -0.00002   0.00024  -0.00010   0.00001  -0.00000  -0.00001  -0.00001   0.00004   0.00007  -0.00018   0.00004   0.00002  -0.00000   0.00001  -0.00000   0.00000  -0.00000  -0.00001   0.00042   0.00002  -0.00068   0.00015  -0.00083   0.00048   0.00164  -0.00088  -0.00054  -0.00019   0.00033  -0.00012   0.00002  -0.00003   0.00042  -0.00076   0.00171   0.00242  -0.00026  -0.00021  -0.00028  -0.00012   0.99995   0.00003   0.00033  -0.00117  -0.00208   0.00349   0.00133   0.00078   0.00092   0.00120   0.00014  -0.00004   0.00003  -0.00009  -0.00097  -0.00188  -0.00028   0.00112   0.00031   0.00006   0.00005   0.00012   0.00015   0.00097   0.00013   0.00069  -0.00005   0.00112  -0.00039  -0.00039  -0.00000   0.00002
   0.00426  -0.00167  -0.00007  -0.00000   0.00003   0.00001  -0.00015   0.00007  -0.00000   0.00000   0.00001   0.00001  -0.00002  -0.00004   0.00012  -0.00002  -0.00001   0.00000  -0.00001   0.00000  -0.00000   0.00000   0.00001  -0.00027  -0.00002   0.00053  -0.00014   0.00046  -0.00029  -0.00103   0.00055   0.00034   0.00012  -0.00021   0.00008  -0.00001  -0.00005  -0.00027   0.00063  -0.00105  -0.00155   0.00016   0.00017   0.00020   0.00010   0.00003   0.99998  -0.00054   0.00112   0.00139  -0.00219  -0.00084  -0.00055  -0.00050  -0.00073  -0.00011   0.00003   0.00007   0.00010   0.00067   0.00120   0.00015  -0.00072  -0.00020  -0.00004  -0.00004  -0.00013  -0.00018  -0.00100  -0.00019  -0.00044   0.00005  -0.00068   0.00025   0.00024  -0.00000  -0.00001
  -0.05165  -0.46014  -0.01838   0.00140  -0.00152  -0.00005   0.00212  -0.00037   0.00011  -0.00021   0.00018   0.00118   0.00049   0.00067  -0.00170   0.00032   0.00019  -0.00001   0.00006  -0.00004   0.00003  -0.00000   0.00375   0.00559  -0.00303   0.05740  -0.03224  -0.04934   0.01423   0.01885  -0.01037  -0.00446   0.00286   0.00607   0.00003   0.00001  -0.04294   0.00234   0.09148   0.03659   0.01438  -0.00472   0.02123   0.01168   0.01291   0.00034  -0.00054   0.78785   0.23875   0.03032   0.04469   0.01762  -0.03238   0.06403   0.02967  -0.01204   0.00455   0.05765   0.02913   0.03163  -0.00793  -0.01834   0.00376   0.00146   0.00105  -0.00156  -0.03844  -0.05168  -0.25030  -0.06674   0.00102   0.01299   0.02943   0.00158  -0.01077  -0.00438   0.00093
  -0.05733   0.53089   0.02120  -0.00146   0.00091  -0.00026   0.00168  -0.00133  -0.00004   0.00020  -0.00043  -0.00150   0.00012   0.00039  -0.00125   0.00026   0.00010  -0.00005   0.00011  -0.00001   0.00001  -0.00004  -0.00434   0.00107   0.00372  -0.07458   0.03792   0.04005  -0.00741   0.00715  -0.00354  -0.00431  -0.00629  -0.00099  -0.00202   0.00037   0.04665   0.00463  -0.11342  -0.01106   0.02542   0.00071  -0.02696  -0.01760  -0.01623  -0.00118   0.00112   0.23858   0.71802  -0.06863   0.01040   0.00333   0.04883  -0.05468  -0.01218   0.01561  -0.00568  -0.06274  -0.03358  -0.05118  -0.02328   0.01541   0.01501   0.00368  -0.00017   0.00260   0.04422   0.05937   0.29123   0.07555   0.01056  -0.01515  -0.01330  -0.00830   0.00514   0.00474  -0.00068
  -0.28839   0.09917   0.00396   0.00009  -0.00185  -0.00081   0.01010  -0.00441   0.00021  -0.00005  -0.00060  -0.00061   0.00165   0.00283  -0.00786   0.00156   0.00079  -0.00017   0.00046  -0.00016   0.00010  -0.00009  -0.00085   0.01804   0.00124  -0.03378   0.00881  -0.03259   0.02000   0.06996  -0.03749  -0.02326  -0.00828   0.01409  -0.00510   0.00097   0.00184   0.01827  -0.03990   0.07193   0.10451  -0.01111  -0.01089  -0.01310  -0.00620  -0.00208   0.00139   0.02987  -0.06814   0.90728   0.14910   0.05681   0.03636   0.03537   0.05010   0.00701  -0.00208  -0.00275  -0.00619  -0.04444  -0.08136  -0.01076   0.04874   0.01342   0.00244   0.00237   0.00796   0.01048   0.06020   0.01067   0.02985  -0.00323   0.04656  -0.01692  -0.01633   0.00014   0.00079
   0.53053   0.03824   0.00153  -0.00081   0.00395   0.00146  -0.01873   0.00792  -0.00043   0.00019   0.00097   0.00053  -0.00313  -0.00528   0.01459  -0.00290  -0.00148   0.00031  -0.00083   0.00030  -0.00019   0.00016  -0.00023  -0.03428  -0.00078   0.03285  -0.00060   0.08003  -0.04171  -0.13161   0.07065   0.04292   0.01323  -0.02756   0.00894  -0.00170   0.01660  -0.03318   0.02786  -0.14328  -0.19026   0.02170   0.00932   0.01762   0.00494   0.00349  -0.00219   0.04548   0.00948   0.14889   0.71740  -0.10794  -0.04894  -0.09171  -0.10173  -0.00676   0.00156  -0.02179  -0.00257   0.06347   0.14661   0.02738  -0.08736  -0.02426  -0.00477  -0.00345   0.00377   0.00546   0.00981   0.01208  -0.05292  -0.00032  -0.09539   0.02900   0.03366   0.00178  -0.00182
   0.20255   0.01582   0.00063  -0.00031   0.00151   0.00056  -0.00715   0.00302  -0.00016   0.00007   0.00037   0.00020  -0.00120  -0.00202   0.00557  -0.00111  -0.00056   0.00012  -0.00032   0.00011  -0.00007   0.00006  -0.00010  -0.01309  -0.00029   0.01238  -0.00014   0.03067  -0.01595  -0.05026   0.02698   0.01639   0.00504  -0.01053   0.00341  -0.00065   0.00645  -0.01267   0.01038  -0.05476  -0.07263   0.00829   0.00350   0.00669   0.00185   0.00133  -0.00083   0.01792   0.00298   0.05673  -0.10794   0.95877  -0.01858  -0.03516  -0.03889  -0.00255   0.00058  -0.00847  -0.00106   0.02413   0.05596   0.01050  -0.03334  -0.00926  -0.00182  -0.00131   0.00154   0.00222   0.00441   0.00479  -0.02019  -0.00016  -0.03647   0.01106   0.01287   0.00069  -0.00070
   0.09847  -0.08224  -0.00328   0.00011   0.00051   0.00029  -0.00342   0.00155  -0.00007  -0.00000   0.00023   0.00034  -0.00054  -0.00095   0.00265  -0.00053  -0.00026   0.00006  -0.00016   0.00005  -0.00003   0.00003   0.00069  -0.00592  -0.00075   0.01796  -0.00643   0.00672  -0.00575  -0.02325   0.01243   0.00791   0.00327  -0.00445   0.00184  -0.00035  -0.00501  -0.00633   0.02361  -0.02216  -0.03613   0.00352   0.00606   0.00589   0.00354   0.00078  -0.00055  -0.03222   0.04867   0.03641  -0.04909  -0.01864   0.98365  -0.00624  -0.01501  -0.00374   0.00121   0.00682   0.00518   0.01918   0.02845   0.00201  -0.01714  -0.00468  -0.00077  -0.00101  -0.00675  -0.00900  -0.04699  -0.01059  -0.01063   0.00248  -0.01376   0.00625   0.00478  -0.00049  -0.00019
   0.16401   0.12211   0.00488  -0.00057   0.00149   0.00043  -0.00586   0.00235  -0.00015   0.00010   0.00023  -0.00013  -0.00101  -0.00167   0.00458  -0.00091  -0.00047   0.00009  -0.00025   0.00009  -0.00006   0.00005  -0.00097  -0.01114   0.00051  -0.00449   0.00762   0.03478  -0.01535  -0.04214   0.02269   0.01334   0.00309  -0.00934   0.00255  -0.00049   0.01512  -0.01004  -0.01415  -0.04977  -0.05782   0.00734  -0.00247   0.00221  -0.00171   0.00091  -0.00049   0.06425  -0.05499   0.03520  -0.09151  -0.03509  -0.00615   0.95834  -0.03623   0.00098  -0.00065  -0.02015  -0.00777   0.01048   0.04379   0.01225  -0.02586  -0.00728  -0.00162  -0.00061   0.01036   0.01405   0.06328   0.01958  -0.01536  -0.00323  -0.03436   0.00790   0.01221   0.00157  -0.00074
   0.18874   0.04385   0.00175  -0.00038   0.00148   0.00051  -0.00668   0.00279  -0.00016   0.00008   0.00033   0.00011  -0.00113  -0.00189   0.00521  -0.00103  -0.00053   0.00011  -0.00029   0.00011  -0.00007   0.00006  -0.00033  -0.01234  -0.00007   0.00767   0.00193   0.03123  -0.01551  -0.04722   0.02537   0.01529   0.00443  -0.01003   0.00312  -0.00059   0.00864  -0.01175   0.00367  -0.05247  -0.06741   0.00789   0.00185   0.00538   0.00087   0.00120  -0.00073   0.02995  -0.01251   0.05000  -0.10168  -0.03887  -0.01495  -0.03628   0.96250  -0.00156   0.00024  -0.01143  -0.00283   0.02007   0.05174   0.01078  -0.03076  -0.00857  -0.00174  -0.00110   0.00386   0.00533   0.02001   0.00864  -0.01855  -0.00097  -0.03527   0.01003   0.01247   0.00091  -0.00070
   0.01485  -0.02811  -0.00112   0.00006   0.00004   0.00005  -0.00051   0.00025  -0.00001  -0.00001   0.00004   0.00009  -0.00008  -0.00014   0.00039  -0.00008  -0.00004   0.00001  -0.00002   0.00001  -0.00000   0.00001   0.00023  -0.00082  -0.00022   0.00479  -0.00208  -0.00042  -0.00052  -0.00330   0.00175   0.00118   0.00064  -0.00056   0.00031  -0.00006  -0.00218  -0.00099   0.00680  -0.00256  -0.00559   0.00044   0.00168   0.00135   0.00099   0.00014  -0.00011  -0.01201   0.01559   0.00703  -0.00681  -0.00257  -0.00374   0.00096  -0.00158   0.99900   0.00034   0.00294   0.00177   0.00419   0.00451  -0.00024  -0.00275  -0.00074  -0.00010  -0.00022  -0.00233  -0.00312  -0.01567  -0.00385  -0.00175   0.00082  -0.00138   0.00109   0.00046  -0.00022  -0.00000
  -0.00371   0.01041   0.00042  -0.00003  -0.00000  -0.00001   0.00012  -0.00006   0.00000   0.00000  -0.00001  -0.00003   0.00002   0.00003  -0.00010   0.00002   0.00001  -0.00000   0.00001  -0.00000   0.00000  -0.00000  -0.00009   0.00019   0.00008  -0.00165   0.00076   0.00041   0.00005   0.00078  -0.00041  -0.00029  -0.00019   0.00011  -0.00008   0.00002   0.00085   0.00025  -0.00240   0.00047   0.00143  -0.00009  -0.00058  -0.00044  -0.00035  -0.00004   0.00003   0.00454  -0.00568  -0.00209   0.00158   0.00059   0.00121  -0.00065   0.00025   0.00034   0.99988  -0.00115  -0.00066  -0.00133  -0.00117   0.00018   0.00072   0.00019   0.00002   0.00007   0.00086   0.00116   0.00577   0.00145   0.00047  -0.00030   0.00020  -0.00031  -0.00006   0.00009  -0.00000
   0.03199   0.12301   0.00491  -0.00040   0.00054   0.00006  -0.00121   0.00037  -0.00004   0.00006  -0.00001  -0.00029  -0.00024  -0.00036   0.00095  -0.00019  -0.00010   0.00001  -0.00004   0.00002  -0.00001   0.00001  -0.00100  -0.00266   0.00077  -0.01404   0.00850   0.01581  -0.00520  -0.00953   0.00518   0.00266  -0.00030  -0.00256   0.00030  -0.00006   0.01193  -0.00176  -0.02323  -0.01463  -0.01038   0.00200  -0.00529  -0.00248  -0.00324   0.00003   0.00007   0.05768  -0.06281  -0.00287  -0.02158  -0.00839   0.00687  -0.02010  -0.01136   0.00295  -0.00115   0.98400  -0.00779  -0.00617   0.00716   0.00580  -0.00401  -0.00122  -0.00044   0.00029   0.01030   0.01386   0.06653   0.01807  -0.00210  -0.00345  -0.01108   0.00058   0.00401   0.00122  -0.00031
   0.00010   0.06398   0.00256  -0.00019   0.00016  -0.00001  -0.00004  -0.00005  -0.00001   0.00003  -0.00004  -0.00017  -0.00003  -0.00002   0.00004  -0.00001  -0.00001  -0.00000   0.00000   0.00000  -0.00000  -0.00000  -0.00052  -0.00032   0.00043  -0.00849   0.00453   0.00584  -0.00143  -0.00087   0.00050   0.00005  -0.00058  -0.00048  -0.00012   0.00002   0.00580   0.00012  -0.01320  -0.00320   0.00055   0.00037  -0.00310  -0.00187  -0.00188  -0.00010   0.00011   0.02912  -0.03359  -0.00625  -0.00246  -0.00102   0.00520  -0.00774  -0.00279   0.00178  -0.00066  -0.00779   0.99595  -0.00529  -0.00086   0.00220   0.00065   0.00012  -0.00008   0.00027   0.00534   0.00717   0.03495   0.00919   0.00057  -0.00182  -0.00284  -0.00061   0.00106   0.00059  -0.00011
  -0.12601   0.08371   0.00334  -0.00008  -0.00071  -0.00036   0.00439  -0.00196   0.00009  -0.00001  -0.00029  -0.00038   0.00070   0.00122  -0.00341   0.00068   0.00034  -0.00008   0.00020  -0.00007   0.00004  -0.00004  -0.00070   0.00769   0.00082  -0.02012   0.00671  -0.01056   0.00784   0.03003  -0.01607  -0.01014  -0.00398   0.00586  -0.00231   0.00044   0.00446   0.00806  -0.02577   0.02943   0.04603  -0.00462  -0.00672  -0.00691  -0.00389  -0.00097   0.00067   0.03143  -0.05098  -0.04448   0.06363   0.02419   0.01918   0.01058   0.02014   0.00419  -0.00133  -0.00611  -0.00526   0.97724  -0.03611  -0.00332   0.02171   0.00594   0.00102   0.00121   0.00685   0.00910   0.04837   0.01046   0.01341  -0.00256   0.01856  -0.00778  -0.00647   0.00043   0.00028
  -0.27773   0.01396   0.00056   0.00033  -0.00198  -0.00077   0.00978  -0.00418   0.00022  -0.00008  -0.00053  -0.00037   0.00162   0.00275  -0.00762   0.00151   0.00077  -0.00016   0.00044  -0.00015   0.00010  -0.00009  -0.00016   0.01778   0.00064  -0.02171   0.00272  -0.03881   0.02108   0.06845  -0.03673  -0.02245  -0.00723   0.01418  -0.00475   0.00090  -0.00562   0.01744  -0.02160   0.07332   0.09991  -0.01116  -0.00653  -0.01022  -0.00358  -0.00188   0.00120  -0.00835  -0.02280  -0.08128   0.14666   0.05598   0.02838   0.04391   0.05178   0.00448  -0.00117   0.00728  -0.00080  -0.03604   0.92278  -0.01317   0.04609   0.01277   0.00246   0.00195   0.00086   0.00095   0.01343  -0.00144   0.02801  -0.00080   0.04844  -0.01551  -0.01706  -0.00062   0.00090
  -0.04910  -0.03474  -0.00139   0.00017  -0.00044  -0.00013   0.00175  -0.00071   0.00004  -0.00003  -0.00007   0.00003   0.00030   0.00050  -0.00137   0.00027   0.00014  -0.00003   0.00008  -0.00003   0.00002  -0.00001   0.00028   0.00333  -0.00014   0.00110  -0.00215  -0.01025   0.00455   0.01259  -0.00678  -0.00399  -0.00094   0.00278  -0.00077   0.00015  -0.00436   0.00301   0.00386   0.01481   0.01732  -0.00219   0.00065  -0.00072   0.00046  -0.00028   0.00015  -0.01841   0.01551  -0.01072   0.02733   0.01048   0.00199   0.01225   0.01077  -0.00024   0.00018   0.00581   0.00221  -0.00329  -0.01313   0.99639   0.00776   0.00218   0.00048   0.00019  -0.00295  -0.00400  -0.01795  -0.00560   0.00461   0.00091   0.01020  -0.00238  -0.00363  -0.00045   0.00022
   0.16565  -0.01046  -0.00042  -0.00019   0.00118   0.00046  -0.00583   0.00249  -0.00013   0.00005   0.00032   0.00023  -0.00097  -0.00164   0.00454  -0.00090  -0.00046   0.00010  -0.00026   0.00009  -0.00006   0.00005   0.00011  -0.01059  -0.00040   0.01323  -0.00177   0.02295  -0.01252  -0.04080   0.02189   0.01339   0.00433  -0.00844   0.00284  -0.00054   0.00316  -0.01040   0.01332  -0.04363  -0.05961   0.00665   0.00400   0.00616   0.00220   0.00112  -0.00072   0.00401   0.01472   0.04869  -0.08740  -0.03336  -0.01710  -0.02593  -0.03079  -0.00273   0.00072  -0.00408   0.00062   0.02167   0.04609   0.00778   0.97249  -0.00762  -0.00146  -0.00117  -0.00069  -0.00081  -0.00918   0.00055  -0.01673   0.00054  -0.02880   0.00927   0.01014   0.00035  -0.00053
   0.04593  -0.00198  -0.00008  -0.00005   0.00033   0.00013  -0.00162   0.00069  -0.00004   0.00001   0.00009   0.00006  -0.00027  -0.00046   0.00126  -0.00025  -0.00013   0.00003  -0.00007   0.00003  -0.00002   0.00001   0.00002  -0.00294  -0.00010   0.00355  -0.00043   0.00645  -0.00349  -0.01132   0.00608   0.00371   0.00119  -0.00235   0.00078  -0.00015   0.00096  -0.00288   0.00350  -0.01214  -0.01652   0.00185   0.00106   0.00168   0.00058   0.00031  -0.00020   0.00153   0.00360   0.01341  -0.02427  -0.00926  -0.00467  -0.00730  -0.00858  -0.00073   0.00019  -0.00124   0.00011   0.00593   0.01277   0.00219  -0.00762   0.99789  -0.00041  -0.00032  -0.00012  -0.00012  -0.00204   0.00028  -0.00463   0.00012  -0.00802   0.00256   0.00283   0.00011  -0.00015
   0.00892   0.00129   0.00005  -0.00002   0.00007   0.00002  -0.00032   0.00013  -0.00001   0.00000   0.00002   0.00001  -0.00005  -0.00009   0.00025  -0.00005  -0.00002   0.00001  -0.00001   0.00000  -0.00000   0.00000  -0.00001  -0.00058  -0.00001   0.00047   0.00004   0.00140  -0.00072  -0.00222   0.00119   0.00072   0.00022  -0.00047   0.00015  -0.00003   0.00034  -0.00056   0.00033  -0.00244  -0.00319   0.00037   0.00013   0.00028   0.00006   0.00006  -0.00004   0.00106  -0.00018   0.00244  -0.00477  -0.00182  -0.00077  -0.00162  -0.00174  -0.00010   0.00002  -0.00045  -0.00008   0.00101   0.00245   0.00048  -0.00146  -0.00041   0.99992  -0.00006   0.00012   0.00016   0.00052   0.00030  -0.00088  -0.00002  -0.00163   0.00048   0.00058   0.00004  -0.00003
   0.00682  -0.00420  -0.00017   0.00000   0.00004   0.00002  -0.00024   0.00011  -0.00000   0.00000   0.00002   0.00002  -0.00004  -0.00007   0.00018  -0.00004  -0.00002   0.00000  -0.00001   0.00000  -0.00000   0.00000   0.00004  -0.00042  -0.00004   0.00105  -0.00034   0.00060  -0.00043  -0.00163   0.00087   0.00055   0.00021  -0.00032   0.00012  -0.00002  -0.00021  -0.00044   0.00133  -0.00161  -0.00249   0.00025   0.00035   0.00036   0.00020   0.00005  -0.00004  -0.00155   0.00259   0.00238  -0.00346  -0.00132  -0.00101  -0.00061  -0.00111  -0.00022   0.00007   0.00029   0.00026   0.00121   0.00195   0.00019  -0.00117  -0.00032  -0.00006   0.99994  -0.00034  -0.00046  -0.00244  -0.00052  -0.00072   0.00013  -0.00102   0.00042   0.00036  -0.00002  -0.00002
  -0.00084  -0.08434  -0.00337   0.00025  -0.00022   0.00001   0.00008   0.00006   0.00001  -0.00004   0.00005   0.00023   0.00004   0.00004  -0.00007   0.00001   0.00001   0.00000  -0.00000  -0.00000   0.00000   0.00000   0.00069   0.00047  -0.00057   0.01114  -0.00596  -0.00780   0.00194   0.00132  -0.00076  -0.00012   0.00074   0.00067   0.00015  -0.00003  -0.00766  -0.00011   0.01735   0.00441  -0.00046  -0.00052   0.00407   0.00244   0.00246   0.00012  -0.00014  -0.03843   0.04424   0.00804   0.00362   0.00148  -0.00678   0.01032   0.00381  -0.00233   0.00087   0.01029   0.00534   0.00688   0.00094  -0.00294  -0.00074  -0.00013   0.00012  -0.00035   0.99296  -0.00945  -0.04606  -0.01213  -0.00068   0.00239   0.00387   0.00077  -0.00144  -0.00078   0.00014
  -0.00189  -0.11331  -0.00453   0.00033  -0.00030   0.00002   0.00014   0.00007   0.00002  -0.00005   0.00006   0.00030   0.00006   0.00006  -0.00012   0.00002   0.00002   0.00000  -0.00000  -0.00000   0.00000   0.00000   0.00092   0.00068  -0.00077   0.01491  -0.00800  -0.01059   0.00267   0.00196  -0.00112  -0.00022   0.00098   0.00094   0.00019  -0.00003  -0.01031  -0.00010   0.02326   0.00612  -0.00035  -0.00072   0.00546   0.00326   0.00330   0.00016  -0.00018  -0.05167   0.05939   0.01058   0.00526   0.00215  -0.00904   0.01399   0.00526  -0.00312   0.00116   0.01385   0.00717   0.00915   0.00105  -0.00398  -0.00087  -0.00014   0.00016  -0.00046  -0.00945   0.98730  -0.06186  -0.01630  -0.00084   0.00321   0.00533   0.00099  -0.00198  -0.00105   0.00019
   0.02252  -0.55233  -0.02206   0.00157  -0.00121   0.00017  -0.00044   0.00082   0.00007  -0.00022   0.00037   0.00151   0.00010  -0.00004   0.00028  -0.00007  -0.00000   0.00003  -0.00006  -0.00001   0.00000   0.00003   0.00451   0.00127  -0.00380   0.07494  -0.03922  -0.04702   0.01057   0.00173  -0.00124   0.00148   0.00559   0.00294   0.00147  -0.00027  -0.04945  -0.00249   0.11550   0.02140  -0.01311  -0.00225   0.02727   0.01700   0.01646   0.00098  -0.00101  -0.25018   0.29130   0.06072   0.00885   0.00405  -0.04716   0.06298   0.01967  -0.01569   0.00577   0.06647   0.03495   0.04859   0.01393  -0.01786  -0.00947  -0.00213   0.00050  -0.00245  -0.04605  -0.06185   0.69779  -0.07906  -0.00726   0.01571   0.02040   0.00658  -0.00766  -0.00503   0.00083
  -0.01200  -0.14523  -0.00580   0.00044  -0.00045  -0.00000   0.00052  -0.00005   0.00003  -0.00006   0.00006   0.00038   0.00013   0.00017  -0.00042   0.00008   0.00005  -0.00000   0.00001  -0.00001   0.00001   0.00000   0.00118   0.00149  -0.00096   0.01842  -0.01020  -0.01495   0.00416   0.00489  -0.00270  -0.00106   0.00101   0.00169   0.00008  -0.00001  -0.01345   0.00047   0.02916   0.01040   0.00299  -0.00132   0.00679   0.00384   0.00412   0.00014  -0.00019  -0.06673   0.07560   0.01081   0.01183   0.00469  -0.01064   0.01950   0.00855  -0.00386   0.00145   0.01806   0.00919   0.01052  -0.00131  -0.00558   0.00047   0.00026   0.00029  -0.00052  -0.01213  -0.01630  -0.07909   0.97899  -0.00011   0.00411   0.00853   0.00074  -0.00313  -0.00137   0.00028
   0.10056  -0.00912  -0.00036  -0.00011   0.00071   0.00028  -0.00354   0.00152  -0.00008   0.00003   0.00019   0.00014  -0.00059  -0.00099   0.00276  -0.00055  -0.00028   0.00006  -0.00016   0.00006  -0.00003   0.00003   0.00009  -0.00642  -0.00026   0.00840  -0.00127   0.01368  -0.00754  -0.02473   0.01327   0.00812   0.00266  -0.00510   0.00173  -0.00033   0.00167  -0.00632   0.00866  -0.02634  -0.03621   0.00402   0.00256   0.00382   0.00142   0.00069  -0.00044   0.00117   0.01039   0.02983  -0.05295  -0.02020  -0.01061  -0.01541  -0.01857  -0.00174   0.00046  -0.00214   0.00055   0.01339   0.02802   0.00463  -0.01673  -0.00463  -0.00088  -0.00072  -0.00065  -0.00080  -0.00708  -0.00006   0.98982   0.00040  -0.01736   0.00566   0.00611   0.00019  -0.00032
  -0.00154   0.02870   0.00115  -0.00008   0.00006  -0.00001   0.00004  -0.00005  -0.00000   0.00001  -0.00002  -0.00008  -0.00000   0.00001  -0.00002   0.00001   0.00000  -0.00000   0.00000   0.00000   0.00000  -0.00000  -0.00023  -0.00004   0.00020  -0.00392   0.00204   0.00239  -0.00052   0.00000   0.00002  -0.00011  -0.00030  -0.00013  -0.00008   0.00002   0.00256   0.00015  -0.00603  -0.00101   0.00081   0.00010  -0.00142  -0.00090  -0.00086  -0.00005   0.00005   0.01298  -0.01516  -0.00326  -0.00027  -0.00014   0.00249  -0.00321  -0.00095   0.00082  -0.00030  -0.00344  -0.00182  -0.00257  -0.00083   0.00091   0.00055   0.00013  -0.00002   0.00013   0.00239   0.00321   0.01571   0.00410   0.00041   0.99918  -0.00100  -0.00036   0.00038   0.00026  -0.00004
   0.17672   0.04468   0.00178  -0.00036   0.00139   0.00048  -0.00626   0.00261  -0.00015   0.00007   0.00030   0.00009  -0.00106  -0.00177   0.00488  -0.00097  -0.00050   0.00010  -0.00028   0.00010  -0.00006   0.00005  -0.00034  -0.01158  -0.00004   0.00670   0.00206   0.02957  -0.01461  -0.04426   0.02378   0.01432   0.00412  -0.00942   0.00292  -0.00056   0.00842  -0.01099   0.00269  -0.04931  -0.06309   0.00741   0.00156   0.00493   0.00071   0.00111  -0.00068   0.02969  -0.01362   0.04646  -0.09534  -0.03645  -0.01370  -0.03440  -0.03527  -0.00136   0.00019  -0.01115  -0.00288   0.01850   0.04839   0.01022  -0.02877  -0.00802  -0.00163  -0.00102   0.00392   0.00540   0.02072   0.00861  -0.01734  -0.00101   0.96681   0.00935   0.01174   0.00089  -0.00066
  -0.05546   0.00974   0.00039   0.00005  -0.00038  -0.00015   0.00195  -0.00084   0.00004  -0.00001  -0.00011  -0.00009   0.00032   0.00055  -0.00152   0.00030   0.00015  -0.00003   0.00009  -0.00003   0.00002  -0.00002  -0.00009   0.00352   0.00018  -0.00526   0.00103  -0.00712   0.00405   0.01358  -0.00728  -0.00448  -0.00151   0.00278  -0.00096   0.00018  -0.00049   0.00350  -0.00575   0.01430   0.02002  -0.00219  -0.00164  -0.00225  -0.00092  -0.00039   0.00025   0.00150  -0.00820  -0.01691   0.02903   0.01107   0.00623   0.00793   0.01004   0.00109  -0.00030   0.00061  -0.00060  -0.00777  -0.01552  -0.00239   0.00928   0.00256   0.00048   0.00042   0.00075   0.00097   0.00648   0.00071   0.00566  -0.00036   0.00937   0.99684  -0.00329  -0.00006   0.00017
  -0.06229  -0.01661  -0.00066   0.00013  -0.00049  -0.00017   0.00221  -0.00092   0.00005  -0.00003  -0.00011  -0.00003   0.00037   0.00062  -0.00172   0.00034   0.00017  -0.00004   0.00010  -0.00004   0.00002  -0.00002   0.00013   0.00408   0.00001  -0.00225  -0.00079  -0.01050   0.00517   0.01561  -0.00839  -0.00505  -0.00144   0.00333  -0.00103   0.00020  -0.00305   0.00387  -0.00077   0.01742   0.02223  -0.00262  -0.00051  -0.00171  -0.00022  -0.00039   0.00024  -0.01086   0.00525  -0.01629   0.03364   0.01286   0.00476   0.01223   0.01247   0.00046  -0.00006   0.00403   0.00107  -0.00645  -0.01704  -0.00363   0.01013   0.00282   0.00058   0.00035  -0.00145  -0.00200  -0.00778  -0.00316   0.00610   0.00038   0.01174  -0.00329   0.99585  -0.00032   0.00023
  -0.00268  -0.00931  -0.00037   0.00003  -0.00004  -0.00001   0.00010  -0.00003   0.00000  -0.00000   0.00000   0.00002   0.00002   0.00003  -0.00008   0.00002   0.00001  -0.00000   0.00000  -0.00000   0.00000  -0.00000   0.00008   0.00022  -0.00006   0.00105  -0.00064  -0.00123   0.00041   0.00078  -0.00043  -0.00022   0.00002   0.00021  -0.00003   0.00001  -0.00091   0.00015   0.00174   0.00118   0.00088  -0.00016   0.00040   0.00018   0.00024  -0.00000  -0.00000  -0.00438   0.00474   0.00014   0.00177   0.00069  -0.00050   0.00156   0.00091  -0.00022   0.00009   0.00122   0.00059   0.00044  -0.00061  -0.00045   0.00035   0.00010   0.00004  -0.00002  -0.00078  -0.00105  -0.00503  -0.00137   0.00018   0.00026   0.00088  -0.00006  -0.00032   0.99991   0.00002
   0.00332   0.00166   0.00007  -0.00001   0.00003   0.00001  -0.00012   0.00005  -0.00000   0.00000   0.00001  -0.00000  -0.00002  -0.00003   0.00009  -0.00002  -0.00001   0.00000  -0.00001   0.00000  -0.00000   0.00000  -0.00001  -0.00022   0.00000   0.00002   0.00010   0.00063  -0.00029  -0.00084   0.00045   0.00027   0.00007  -0.00018   0.00005  -0.00001   0.00023  -0.00020  -0.00012  -0.00097  -0.00118   0.00014  -0.00001   0.00007  -0.00001   0.00002  -0.00001   0.00093  -0.00069   0.00079  -0.00182  -0.00070  -0.00019  -0.00074  -0.00070  -0.00000  -0.00000  -0.00031  -0.00011   0.00028   0.00090   0.00022  -0.00053  -0.00015  -0.00003  -0.00002   0.00014   0.00019   0.00084   0.00028  -0.00032  -0.00004  -0.00066   0.00017   0.00023   0.00002   0.99999
 Test SVD
   1.00000   0.00000  -0.00000   0.00000  -0.00000   0.00000  -0.00000   0.00000   0.00000  -0.00000   0.00000   0.00000   0.00000   0.00000   0.00000  -0.00000  -0.00000   0.00000   0.00000  -0.00000   0.00000   0.00000  -0.00000   0.00000  -0.00000   0.00000  -0.00000  -0.00000   0.00000  -0.00000   0.00000   0.00000   0.00000   0.00000   0.00000  -0.00000  -0.00000   0.00000   0.00000  -0.00000   0.00000  -0.00000   0.00000   0.00000   0.00000   0.00000  -0.00000  -0.00000   0.00000   0.00000   0.00000  -0.00000  -0.00000   0.00000   0.00000  -0.00000   0.00000   0.00000   0.00000   0.00000   0.00000  -0.00000  -0.00000  -0.00000   0.00000  -0.00000  -0.00000  -0.00000  -0.00000  -0.00000  -0.00000   0.00000  -0.00000   0.00000  -0.00000  -0.00000   0.00000
   0.00000   1.00000   0.00000   0.00000  -0.00000  -0.00000   0.00000  -0.00000  -0.00000  -0.00000  -0.00000  -0.00000   0.00000   0.00000  -0.00000   0.00000   0.00000  -0.00000   0.00000  -0.00000  -0.00000  -0.00000   0.00000   0.00000  -0.00000  -0.00000  -0.00000  -0.00000   0.00000   0.00000  -0.00000  -0.00000  -0.00000   0.00000  -0.00000  -0.00000  -0.00000  -0.00000   0.00000   0.00000  -0.00000  -0.00000  -0.00000  -0.00000  -0.00000  -0.00000   0.00000  -0.00000   0.00000  -0.00000   0.00000   0.00000   0.00000   0.00000   0.00000   0.00000   0.00000   0.00000   0.00000  -0.00000  -0.00000   0.00000  -0.00000   0.00000   0.00000   0.00000  -0.00000  -0.00000  -0.00000  -0.00000   0.00000   0.00000   0.00000  -0.00000  -0.00000  -0.00000   0.00000
    1   -1    2 -33.21673  127  13.93815  -0.00064  -0.00953
    2   -1    2 -33.21673  128  14.50199  -0.00421  -0.01153
    3   -1    2 -33.21673  129  15.03091  -0.00471   0.00168
    4   -1    2 -33.21673  130  15.76515   0.00068   0.01128
    5   -1    2 -33.21673  135  21.72118  -0.00065  -0.00061
    6   -1    2 -33.21673  136  22.48566   0.00035  -0.00344
    7   -1    2 -33.21673  137  23.05534  -0.00053  -0.00957
    8   -1    2 -33.21673  138  23.87879   0.00129   0.01346
    9   -1    2 -33.21673  142  33.59052  -0.00385   0.02412
   10   -1    2 -33.21673  145  37.26506   0.04541  -0.03737
   11   -1    2 -33.21673  150  14.38393  -0.00124  -0.00424
   12   -1    2 -33.21673  151  15.66197  -0.00126   0.00008
   13   -1    2 -33.21673  155  21.77926   0.00738   0.01652
   14   -1    2 -33.21673  156  22.31102   0.00058   0.00023
   15   -1    2 -33.21673  158  23.32306  -0.00298   0.00071
   16   -1    2 -33.21673  159  23.84867   0.00541   0.00527
   17   -1    2 -33.21673  160  24.84737   0.00145   0.03414
   18   -1    2 -33.21673  163  26.22504  -0.00393   0.01760
   19   -1    2 -33.21673  165  31.37286  -0.15220  -0.07713
   20   -1    2 -33.21673  169  37.82150  -0.05522   0.15547
   21   -1    2 -33.21673  171  38.95539   0.09218   0.91439
   22   -1    2 -33.21673  174  44.03190   0.97985  -0.11481
   23   -1    4 -15.82833    2   7.96513   0.00011   0.00107
   24   -1    4 -15.82833    5  18.57033   0.00050  -0.00148
   25   -1    4 -15.82833   10  38.62196  -0.00462   0.00091
   26   -1    4 -15.82833   15   7.59301  -0.00044   0.00161
   27   -1    4 -15.82833   19  13.20737   0.00476   0.00028
   28   -1    4 -15.82833   21  14.94935   0.00426  -0.00078
   29   -1    4 -15.82833   23  15.98137   0.00147   0.00027
   30   -1    4 -15.82833   25  17.22521  -0.00040  -0.00209
   31   -1    4 -15.82833   27  18.50499   0.00292   0.00565
   32   -1    4 -15.82833   29  20.66594  -0.00084   0.00137
   33   -1    4 -15.82833   34  26.29710   0.01030  -0.00134
   34   -1    4 -15.82833   35  28.18278  -0.00377   0.00115
   35   -1    4 -15.82833   38  38.02872   0.00224  -0.00030
   36   -1    4 -15.82833   40  39.87443   0.00284   0.00029
   37   -1    4 -15.82833   46   8.59442   0.00362   0.00711
   38   -1    4 -15.82833   49  12.42357   0.00067   0.00224
   39   -1    4 -15.82833   52  13.30977  -0.00665   0.00018
   40   -1    4 -15.82833   54  15.30382  -0.00401  -0.00343
   41   -1    4 -15.82833   57  16.77661   0.00641   0.00139
   42   -1    4 -15.82833   61  18.93737   0.02204  -0.00645
   43   -1    4 -15.82833   63  20.05424   0.00351  -0.00357
   44   -1    4 -15.82833   64  20.14822  -0.00341   0.00195
   45   -1    4 -15.82833   66  21.37731   0.00242   0.00946
   46   -1    4 -15.82833   70  26.37662  -0.01839   0.00587
   47   -1    4 -15.82833   74  39.56517  -0.00213  -0.00270
   48   -1    4 -15.82833   78   6.93907  -0.00814   0.00111
   49   -1    4 -15.82833   79   9.21441  -0.00911  -0.01993
   50   -1    4 -15.82833   82  15.38406  -0.00934   0.00454
   51   -1    4 -15.82833   83  16.33649   0.00164  -0.01133
   52   -1    4 -15.82833   86  18.83562  -0.06255   0.01809
   53   -1    4 -15.82833   88  19.93580  -0.00065   0.00418
   54   -1    4 -15.82833   89  20.34367   0.01530   0.00051
   55   -1    4 -15.82833   90  21.33900   0.01111   0.02566
   56   -1    4 -15.82833   94  26.59521   0.02338  -0.00400
   57   -1    4 -15.82833   98  42.43001   0.03842  -0.00217
   58   -1    6  -8.08869   15   7.59301  -0.00282   0.00117
   59   -1    6  -8.08869   19  13.20737   0.00443  -0.00055
   60   -1    6  -8.08869   23  15.98137   0.00104   0.00135
   61   -1    6  -8.08869   25  17.22521  -0.00246  -0.00529
   62   -1    6  -8.08869   27  18.50499   0.00660   0.01933
   63   -1    6  -8.08869   29  20.66594   0.00466  -0.00242
   64   -1    6  -8.08869   34  26.29710   0.05357  -0.01201
   65   -1    6  -8.08869   38  38.02872  -0.00234   0.00477
   66   -1    6  -8.08869   40  39.87443  -0.00424   0.00911
   67   -1    6  -8.08869   46   8.59442  -0.01139  -0.02032
   68   -1    6  -8.08869   49  12.42357   0.00162  -0.00646
   69   -1    6  -8.08869   52  13.30977  -0.00529  -0.01052
   70   -1    6  -8.08869   54  15.30382  -0.00592  -0.01182
   71   -1    6  -8.08869   56  16.02795  -0.00038  -0.00245
   72   -1    6  -8.08869   57  16.77661  -0.00525   0.01422
   73   -1    6  -8.08869   59  17.49925  -0.00756   0.00393
   74   -1    6  -8.08869   61  18.93737  -0.06161   0.01555
   75   -1    6  -8.08869   64  20.14822   0.02008  -0.00179
   76   -1    6  -8.08869   70  26.37662  -0.04587   0.01166
   77   -1    6  -8.08869   74  39.56517   0.00482  -0.00312
