         106          77
          19
          20
          10
          32
          12
          16
          33
          35
          30
           0
          46
           0
          25
          21
          24
          13
          23
          26
          28
          37
          75
           0
          54
           4
          40
           0
          11
           0
          73
           0
          18
           0
          65
           0
          27
          57
           5
           2
          74
          64
           0
          53
          71
          68
          55
           0
           0
          60
           0
          47
          38
          58
           0
          70
           0
          44
           6
           8
           1
          41
           0
          14
           0
          67
          76
          51
          77
          43
          29
          39
          22
          15
           0
           9
           0
          66
           0
          72
           0
          52
          45
          48
          63
           0
          59
           0
          69
          56
           0
           0
          62
           0
          42
           3
           7
          36
          31
          50
          34
           0
          61
           0
          49
           0
          17
           0
